Time, Rotation (X), Rotation (Y), Rotation (Z), Rotation (W)
15:49:19.891, 0.048, -0.472, -0.014, -0.880
15:49:19.905, 0.048, -0.471, -0.014, -0.881
15:49:19.946, 0.046, -0.470, -0.013, -0.881
15:49:19.960, 0.045, -0.470, -0.013, -0.882
15:49:19.975, 0.043, -0.469, -0.012, -0.882
15:49:19.987, 0.043, -0.467, -0.012, -0.883
15:49:20.002, 0.044, -0.465, -0.012, -0.884
15:49:20.019, 0.045, -0.464, -0.011, -0.885
15:49:20.028, 0.047, -0.462, -0.010, -0.885
15:49:20.045, 0.048, -0.459, -0.008, -0.887
15:49:20.060, 0.049, -0.455, -0.006, -0.889
15:49:20.072, 0.049, -0.450, -0.004, -0.892
15:49:20.085, 0.051, -0.443, -0.003, -0.895
15:49:20.101, 0.052, -0.433, -0.001, -0.900
15:49:20.114, 0.054, -0.422, 0.001, -0.905
15:49:20.127, 0.054, -0.407, 0.002, -0.912
15:49:20.141, 0.055, -0.391, 0.004, -0.919
15:49:20.154, 0.056, -0.370, 0.008, -0.927
15:49:20.167, 0.058, -0.348, 0.011, -0.935
15:49:20.182, 0.059, -0.324, 0.015, -0.944
15:49:20.196, 0.059, -0.298, 0.017, -0.953
15:49:20.209, 0.060, -0.270, 0.019, -0.961
15:49:20.223, 0.061, -0.239, 0.022, -0.969
15:49:20.238, 0.063, -0.208, 0.024, -0.976
15:49:20.250, 0.064, -0.174, 0.025, -0.982
15:49:20.265, 0.065, -0.139, 0.026, -0.988
15:49:20.279, 0.067, -0.104, 0.031, -0.992
15:49:20.292, 0.070, -0.069, 0.036, -0.995
15:49:20.307, 0.073, -0.035, 0.042, -0.996
15:49:20.321, 0.077, -0.004, 0.048, -0.996
15:49:20.335, 0.084, 0.024, 0.050, -0.995
15:49:20.348, 0.090, 0.051, 0.051, -0.993
15:49:20.363, 0.095, 0.079, 0.053, -0.991
15:49:20.377, 0.098, 0.108, 0.057, -0.988
15:49:20.389, 0.098, 0.136, 0.061, -0.984
15:49:20.403, 0.097, 0.162, 0.063, -0.980
15:49:20.419, 0.097, 0.188, 0.065, -0.975
15:49:20.430, 0.100, 0.214, 0.066, -0.970
15:49:20.446, 0.102, 0.238, 0.067, -0.964
15:49:20.460, 0.105, 0.261, 0.069, -0.957
15:49:20.473, 0.106, 0.284, 0.071, -0.950
15:49:20.487, 0.106, 0.306, 0.072, -0.943
15:49:20.501, 0.105, 0.327, 0.072, -0.936
15:49:20.516, 0.106, 0.348, 0.072, -0.929
15:49:20.528, 0.106, 0.367, 0.070, -0.921
15:49:20.544, 0.108, 0.386, 0.069, -0.913
15:49:20.557, 0.110, 0.404, 0.068, -0.905
15:49:20.571, 0.111, 0.423, 0.067, -0.897
15:49:20.584, 0.111, 0.441, 0.068, -0.888
15:49:20.598, 0.110, 0.457, 0.068, -0.880
15:49:20.612, 0.108, 0.472, 0.067, -0.872
15:49:20.627, 0.106, 0.487, 0.066, -0.865
15:49:20.641, 0.103, 0.500, 0.064, -0.857
15:49:20.654, 0.101, 0.511, 0.063, -0.852
15:49:20.667, 0.097, 0.520, 0.062, -0.846
15:49:20.682, 0.095, 0.528, 0.060, -0.842
15:49:20.696, 0.093, 0.536, 0.059, -0.837
15:49:20.710, 0.093, 0.543, 0.058, -0.833
15:49:20.725, 0.092, 0.549, 0.057, -0.829
15:49:20.739, 0.091, 0.553, 0.056, -0.826
15:49:20.752, 0.091, 0.556, 0.055, -0.824
15:49:20.765, 0.090, 0.559, 0.054, -0.823
15:49:20.779, 0.090, 0.561, 0.052, -0.821
15:49:20.793, 0.090, 0.562, 0.050, -0.820
15:49:20.807, 0.090, 0.563, 0.048, -0.820
15:49:20.820, 0.089, 0.563, 0.047, -0.821
15:49:20.836, 0.089, 0.562, 0.045, -0.821
15:49:20.848, 0.088, 0.559, 0.043, -0.823
15:49:20.863, 0.085, 0.555, 0.042, -0.826
15:49:20.877, 0.082, 0.550, 0.040, -0.831
15:49:20.891, 0.079, 0.543, 0.037, -0.835
15:49:20.906, 0.076, 0.536, 0.035, -0.840
15:49:20.920, 0.073, 0.526, 0.034, -0.847
15:49:20.934, 0.069, 0.515, 0.032, -0.854
15:49:20.946, 0.065, 0.499, 0.028, -0.864
15:49:20.960, 0.061, 0.483, 0.023, -0.873
15:49:20.974, 0.058, 0.465, 0.018, -0.883
15:49:20.988, 0.054, 0.447, 0.014, -0.893
15:49:21.002, 0.051, 0.428, 0.010, -0.902
15:49:21.015, 0.047, 0.407, 0.005, -0.912
15:49:21.029, 0.043, 0.386, 0.000, -0.921
15:49:21.044, 0.040, 0.366, -0.005, -0.930
15:49:21.057, 0.038, 0.348, -0.009, -0.937
15:49:21.070, 0.037, 0.331, -0.012, -0.943
15:49:21.084, 0.035, 0.315, -0.014, -0.948
15:49:21.098, 0.034, 0.299, -0.016, -0.954
15:49:21.112, 0.035, 0.286, -0.017, -0.957
15:49:21.126, 0.036, 0.277, -0.016, -0.960
15:49:21.140, 0.038, 0.268, -0.013, -0.962
15:49:21.155, 0.040, 0.261, -0.008, -0.965
15:49:21.167, 0.042, 0.254, -0.006, -0.966
15:49:21.183, 0.044, 0.248, -0.005, -0.968
15:49:21.197, 0.044, 0.246, -0.003, -0.968
15:49:21.208, 0.044, 0.245, -0.001, -0.969
15:49:21.224, 0.043, 0.245, 0.001, -0.969
15:49:21.237, 0.042, 0.244, 0.003, -0.969
15:49:21.250, 0.041, 0.243, 0.004, -0.969
15:49:21.265, 0.040, 0.241, 0.004, -0.970
15:49:21.279, 0.041, 0.240, 0.004, -0.970
15:49:21.307, 0.042, 0.240, 0.002, -0.970
15:49:21.363, 0.042, 0.239, 0.000, -0.970
15:49:21.404, 0.043, 0.240, 0.001, -0.970
15:49:21.418, 0.043, 0.242, 0.002, -0.969
15:49:21.445, 0.042, 0.242, 0.003, -0.969
15:49:21.474, 0.040, 0.243, 0.004, -0.969
15:49:21.501, 0.041, 0.243, 0.005, -0.969
15:49:21.529, 0.043, 0.242, 0.006, -0.969
15:49:21.571, 0.043, 0.241, 0.008, -0.970
15:49:21.627, 0.043, 0.240, 0.009, -0.970
15:49:21.667, 0.044, 0.239, 0.010, -0.970
15:49:21.754, 0.045, 0.238, 0.011, -0.970
15:49:21.792, 0.047, 0.238, 0.011, -0.970
15:49:21.863, 0.045, 0.238, 0.010, -0.970
15:49:21.919, 0.045, 0.240, 0.009, -0.970
15:49:21.946, 0.046, 0.241, 0.009, -0.970
15:49:22.001, 0.045, 0.242, 0.009, -0.969
15:49:22.085, 0.044, 0.243, 0.010, -0.969
15:49:22.251, 0.043, 0.244, 0.010, -0.969
15:49:22.334, 0.042, 0.245, 0.010, -0.969
15:49:22.570, 0.043, 0.246, 0.009, -0.968
15:49:22.599, 0.043, 0.248, 0.010, -0.968
15:49:22.631, 0.042, 0.250, 0.010, -0.967
15:49:22.640, 0.042, 0.251, 0.011, -0.967
15:49:22.656, 0.042, 0.252, 0.011, -0.967
15:49:22.684, 0.042, 0.254, 0.012, -0.966
15:49:22.725, 0.042, 0.256, 0.012, -0.966
15:49:22.794, 0.042, 0.256, 0.010, -0.966
15:49:22.878, 0.042, 0.254, 0.009, -0.966
15:49:22.932, 0.042, 0.253, 0.010, -0.967
15:49:22.974, 0.041, 0.251, 0.010, -0.967
15:49:23.016, 0.041, 0.250, 0.009, -0.967
15:49:23.045, 0.041, 0.248, 0.009, -0.968
15:49:23.099, 0.042, 0.247, 0.009, -0.968
15:49:23.168, 0.041, 0.245, 0.010, -0.969
15:49:23.461, 0.041, 0.244, 0.011, -0.969
15:49:23.516, 0.042, 0.242, 0.011, -0.969
15:49:23.546, 0.043, 0.241, 0.011, -0.970
15:49:23.573, 0.043, 0.240, 0.011, -0.970
15:49:23.601, 0.044, 0.237, 0.011, -0.970
15:49:23.627, 0.044, 0.235, 0.010, -0.971
15:49:23.642, 0.044, 0.233, 0.010, -0.971
15:49:23.655, 0.044, 0.232, 0.010, -0.972
15:49:23.669, 0.043, 0.230, 0.010, -0.972
15:49:23.682, 0.043, 0.228, 0.010, -0.973
15:49:23.696, 0.042, 0.226, 0.010, -0.973
15:49:23.710, 0.042, 0.223, 0.010, -0.974
15:49:23.725, 0.041, 0.217, 0.012, -0.975
15:49:23.739, 0.040, 0.209, 0.012, -0.977
15:49:23.751, 0.038, 0.201, 0.012, -0.979
15:49:23.766, 0.038, 0.193, 0.009, -0.980
15:49:23.780, 0.038, 0.187, 0.006, -0.982
15:49:23.794, 0.039, 0.181, 0.004, -0.983
15:49:23.806, 0.041, 0.175, 0.002, -0.984
15:49:23.822, 0.043, 0.169, 0.002, -0.985
15:49:23.836, 0.047, 0.162, 0.002, -0.986
15:49:23.849, 0.052, 0.155, 0.003, -0.986
15:49:23.864, 0.056, 0.148, 0.002, -0.987
15:49:23.877, 0.060, 0.141, 0.001, -0.988
15:49:23.890, 0.065, 0.132, -0.001, -0.989
15:49:23.905, 0.071, 0.122, -0.005, -0.990
15:49:23.919, 0.079, 0.111, -0.011, -0.991
15:49:23.932, 0.089, 0.097, -0.019, -0.991
15:49:23.947, 0.095, 0.083, -0.026, -0.992
15:49:23.961, 0.099, 0.070, -0.031, -0.992
15:49:23.975, 0.100, 0.057, -0.036, -0.993
15:49:23.987, 0.100, 0.045, -0.040, -0.993
15:49:24.003, 0.099, 0.034, -0.043, -0.994
15:49:24.017, 0.098, 0.024, -0.045, -0.994
15:49:24.029, 0.098, 0.013, -0.045, -0.994
15:49:24.044, 0.098, 0.000, -0.045, -0.994
15:49:24.058, 0.098, -0.013, -0.045, -0.994
15:49:24.070, 0.098, -0.028, -0.046, -0.994
15:49:24.086, 0.098, -0.041, -0.047, -0.993
15:49:24.100, 0.096, -0.055, -0.048, -0.993
15:49:24.113, 0.095, -0.068, -0.049, -0.992
15:49:24.127, 0.093, -0.081, -0.049, -0.991
15:49:24.142, 0.090, -0.096, -0.048, -0.990
15:49:24.156, 0.086, -0.112, -0.048, -0.989
15:49:24.168, 0.082, -0.127, -0.048, -0.987
15:49:24.183, 0.077, -0.142, -0.049, -0.986
15:49:24.197, 0.071, -0.158, -0.049, -0.984
15:49:24.211, 0.067, -0.176, -0.047, -0.981
15:49:24.224, 0.063, -0.197, -0.046, -0.977
15:49:24.238, 0.062, -0.216, -0.045, -0.973
15:49:24.252, 0.061, -0.234, -0.044, -0.969
15:49:24.266, 0.062, -0.250, -0.042, -0.965
15:49:24.280, 0.064, -0.267, -0.042, -0.961
15:49:24.294, 0.065, -0.285, -0.043, -0.956
15:49:24.307, 0.064, -0.300, -0.042, -0.951
15:49:24.322, 0.064, -0.313, -0.042, -0.947
15:49:24.336, 0.063, -0.325, -0.042, -0.943
15:49:24.350, 0.064, -0.336, -0.041, -0.939
15:49:24.367, 0.064, -0.346, -0.040, -0.935
15:49:24.377, 0.064, -0.355, -0.040, -0.932
15:49:24.392, 0.063, -0.361, -0.040, -0.929
15:49:24.407, 0.064, -0.368, -0.039, -0.927
15:49:24.420, 0.065, -0.375, -0.037, -0.924
15:49:24.434, 0.065, -0.380, -0.036, -0.922
15:49:24.448, 0.064, -0.384, -0.036, -0.920
15:49:24.461, 0.063, -0.387, -0.035, -0.919
15:49:24.475, 0.062, -0.389, -0.035, -0.919
15:49:24.488, 0.062, -0.390, -0.036, -0.918
15:49:24.503, 0.061, -0.392, -0.037, -0.917
15:49:24.517, 0.060, -0.393, -0.038, -0.917
15:49:24.529, 0.059, -0.394, -0.040, -0.916
15:49:24.544, 0.057, -0.395, -0.041, -0.916
15:49:24.558, 0.056, -0.396, -0.041, -0.915
15:49:24.571, 0.055, -0.400, -0.038, -0.914
15:49:24.585, 0.055, -0.404, -0.035, -0.912
15:49:24.599, 0.056, -0.409, -0.031, -0.910
15:49:24.613, 0.058, -0.413, -0.031, -0.908
15:49:24.627, 0.060, -0.417, -0.032, -0.907
15:49:24.641, 0.062, -0.421, -0.032, -0.904
15:49:24.654, 0.063, -0.426, -0.031, -0.902
15:49:24.668, 0.062, -0.429, -0.030, -0.901
15:49:24.682, 0.060, -0.432, -0.029, -0.899
15:49:24.696, 0.059, -0.434, -0.028, -0.899
15:49:24.710, 0.060, -0.435, -0.027, -0.898
15:49:24.724, 0.061, -0.436, -0.027, -0.897
15:49:24.739, 0.063, -0.437, -0.026, -0.897
15:49:24.751, 0.063, -0.438, -0.025, -0.896
15:49:24.780, 0.064, -0.440, -0.024, -0.896
15:49:24.793, 0.064, -0.440, -0.023, -0.896
15:49:24.807, 0.063, -0.440, -0.021, -0.896
15:49:24.835, 0.064, -0.439, -0.019, -0.896
15:49:24.849, 0.065, -0.437, -0.019, -0.897
15:49:24.864, 0.065, -0.435, -0.020, -0.898
15:49:24.878, 0.065, -0.432, -0.019, -0.899
15:49:24.890, 0.066, -0.430, -0.017, -0.900
15:49:24.905, 0.068, -0.428, -0.014, -0.901
15:49:24.919, 0.071, -0.424, -0.012, -0.903
15:49:24.932, 0.074, -0.421, -0.011, -0.904
15:49:24.947, 0.079, -0.418, -0.010, -0.905
15:49:24.961, 0.083, -0.416, -0.007, -0.906
15:49:24.974, 0.086, -0.411, -0.002, -0.907
15:49:24.988, 0.090, -0.404, 0.006, -0.910
15:49:25.002, 0.094, -0.394, 0.013, -0.914
15:49:25.016, 0.096, -0.382, 0.017, -0.919
15:49:25.030, 0.097, -0.367, 0.023, -0.925
15:49:25.044, 0.099, -0.351, 0.030, -0.931
15:49:25.057, 0.099, -0.332, 0.038, -0.937
15:49:25.070, 0.099, -0.312, 0.047, -0.944
15:49:25.085, 0.099, -0.291, 0.056, -0.950
15:49:25.099, 0.098, -0.268, 0.066, -0.956
15:49:25.113, 0.096, -0.246, 0.076, -0.961
15:49:25.127, 0.094, -0.223, 0.089, -0.966
15:49:25.141, 0.092, -0.199, 0.098, -0.971
15:49:25.154, 0.090, -0.175, 0.106, -0.975
15:49:25.168, 0.087, -0.151, 0.113, -0.978
15:49:25.182, 0.086, -0.128, 0.119, -0.981
15:49:25.196, 0.085, -0.106, 0.124, -0.983
15:49:25.210, 0.084, -0.086, 0.130, -0.984
15:49:25.224, 0.083, -0.068, 0.134, -0.985
15:49:25.238, 0.082, -0.050, 0.136, -0.986
15:49:25.252, 0.082, -0.033, 0.138, -0.986
15:49:25.267, 0.081, -0.018, 0.140, -0.987
15:49:25.281, 0.080, -0.002, 0.142, -0.987
15:49:25.295, 0.080, 0.013, 0.143, -0.986
15:49:25.307, 0.080, 0.027, 0.143, -0.986
15:49:25.322, 0.081, 0.042, 0.143, -0.986
15:49:25.337, 0.082, 0.057, 0.143, -0.985
15:49:25.349, 0.084, 0.073, 0.142, -0.984
15:49:25.362, 0.087, 0.089, 0.142, -0.982
15:49:25.376, 0.089, 0.107, 0.140, -0.980
15:49:25.390, 0.091, 0.125, 0.140, -0.978
15:49:25.404, 0.092, 0.143, 0.140, -0.975
15:49:25.419, 0.092, 0.160, 0.142, -0.972
15:49:25.432, 0.094, 0.179, 0.143, -0.969
15:49:25.446, 0.095, 0.197, 0.144, -0.965
15:49:25.459, 0.096, 0.218, 0.146, -0.960
15:49:25.474, 0.099, 0.240, 0.145, -0.955
15:49:25.486, 0.101, 0.264, 0.143, -0.949
15:49:25.501, 0.103, 0.287, 0.140, -0.942
15:49:25.515, 0.103, 0.309, 0.139, -0.935
15:49:25.529, 0.102, 0.330, 0.139, -0.928
15:49:25.544, 0.101, 0.349, 0.138, -0.921
15:49:25.558, 0.099, 0.367, 0.137, -0.915
15:49:25.570, 0.097, 0.382, 0.134, -0.909
15:49:25.585, 0.097, 0.397, 0.132, -0.903
15:49:25.599, 0.097, 0.409, 0.129, -0.898
15:49:25.613, 0.097, 0.419, 0.127, -0.894
15:49:25.625, 0.097, 0.429, 0.124, -0.890
15:49:25.641, 0.097, 0.436, 0.122, -0.886
15:49:25.655, 0.097, 0.443, 0.118, -0.883
15:49:25.667, 0.098, 0.451, 0.114, -0.880
15:49:25.682, 0.100, 0.458, 0.111, -0.876
15:49:25.696, 0.101, 0.464, 0.108, -0.873
15:49:25.710, 0.101, 0.469, 0.105, -0.871
15:49:25.724, 0.101, 0.473, 0.103, -0.869
15:49:25.738, 0.102, 0.478, 0.101, -0.867
15:49:25.751, 0.104, 0.483, 0.100, -0.864
15:49:25.765, 0.106, 0.488, 0.099, -0.861
15:49:25.780, 0.108, 0.493, 0.099, -0.858
15:49:25.794, 0.108, 0.497, 0.098, -0.855
15:49:25.807, 0.108, 0.501, 0.098, -0.853
15:49:25.822, 0.107, 0.505, 0.096, -0.851
15:49:25.835, 0.105, 0.508, 0.096, -0.849
15:49:25.849, 0.103, 0.511, 0.094, -0.848
15:49:25.862, 0.100, 0.512, 0.092, -0.848
15:49:25.878, 0.097, 0.513, 0.089, -0.849
15:49:25.890, 0.094, 0.512, 0.086, -0.850
15:49:25.905, 0.092, 0.510, 0.082, -0.852
15:49:25.919, 0.091, 0.508, 0.079, -0.853
15:49:25.932, 0.092, 0.506, 0.076, -0.854
15:49:25.946, 0.093, 0.504, 0.075, -0.856
15:49:25.960, 0.095, 0.500, 0.073, -0.858
15:49:25.975, 0.095, 0.497, 0.071, -0.859
15:49:25.987, 0.096, 0.494, 0.070, -0.861
15:49:26.003, 0.096, 0.491, 0.069, -0.863
15:49:26.016, 0.096, 0.487, 0.068, -0.865
15:49:26.028, 0.096, 0.483, 0.067, -0.868
15:49:26.043, 0.096, 0.480, 0.066, -0.870
15:49:26.058, 0.095, 0.475, 0.065, -0.872
15:49:26.071, 0.094, 0.472, 0.064, -0.874
15:49:26.084, 0.094, 0.467, 0.064, -0.877
15:49:26.103, 0.094, 0.464, 0.063, -0.879
15:49:26.112, 0.093, 0.461, 0.063, -0.880
15:49:26.128, 0.093, 0.459, 0.064, -0.881
15:49:26.143, 0.092, 0.457, 0.064, -0.883
15:49:26.156, 0.092, 0.455, 0.064, -0.884
15:49:26.169, 0.091, 0.453, 0.064, -0.884
15:49:26.197, 0.090, 0.451, 0.062, -0.886
15:49:26.211, 0.089, 0.449, 0.062, -0.887
15:49:26.224, 0.087, 0.447, 0.061, -0.888
15:49:26.238, 0.086, 0.444, 0.060, -0.890
15:49:26.252, 0.085, 0.442, 0.059, -0.891
15:49:26.267, 0.085, 0.439, 0.058, -0.892
15:49:26.280, 0.085, 0.437, 0.057, -0.893
15:49:26.294, 0.086, 0.435, 0.057, -0.894
15:49:26.307, 0.086, 0.433, 0.055, -0.895
15:49:26.320, 0.085, 0.431, 0.055, -0.897
15:49:26.336, 0.085, 0.429, 0.054, -0.898
15:49:26.348, 0.085, 0.427, 0.055, -0.899
15:49:26.364, 0.085, 0.425, 0.055, -0.899
15:49:26.378, 0.085, 0.423, 0.054, -0.900
15:49:26.390, 0.084, 0.422, 0.054, -0.901
15:49:26.405, 0.084, 0.420, 0.053, -0.902
15:49:26.419, 0.083, 0.418, 0.053, -0.903
15:49:26.432, 0.084, 0.416, 0.053, -0.904
15:49:26.461, 0.084, 0.414, 0.053, -0.905
15:49:26.474, 0.084, 0.412, 0.053, -0.906
15:49:26.487, 0.084, 0.410, 0.052, -0.907
15:49:26.502, 0.084, 0.408, 0.052, -0.908
15:49:26.516, 0.084, 0.405, 0.051, -0.909
15:49:26.530, 0.084, 0.404, 0.051, -0.910
15:49:26.544, 0.084, 0.402, 0.050, -0.911
15:49:26.557, 0.083, 0.400, 0.050, -0.911
15:49:26.571, 0.083, 0.398, 0.049, -0.912
15:49:26.586, 0.083, 0.396, 0.049, -0.913
15:49:26.598, 0.082, 0.394, 0.048, -0.914
15:49:26.612, 0.082, 0.393, 0.048, -0.915
15:49:26.641, 0.082, 0.391, 0.048, -0.916
15:49:26.668, 0.081, 0.389, 0.048, -0.917
15:49:26.697, 0.080, 0.387, 0.048, -0.918
15:49:26.724, 0.080, 0.384, 0.048, -0.918
15:49:26.752, 0.080, 0.383, 0.049, -0.919
15:49:26.780, 0.079, 0.381, 0.050, -0.920
15:49:26.808, 0.078, 0.379, 0.051, -0.921
15:49:26.835, 0.079, 0.377, 0.052, -0.921
15:49:26.877, 0.078, 0.375, 0.052, -0.922
15:49:26.906, 0.078, 0.373, 0.052, -0.923
15:49:26.933, 0.079, 0.372, 0.051, -0.924
15:49:26.974, 0.079, 0.371, 0.050, -0.924
15:49:27.016, 0.079, 0.370, 0.049, -0.925
15:49:27.071, 0.079, 0.368, 0.049, -0.925
15:49:27.127, 0.079, 0.367, 0.048, -0.926
15:49:27.182, 0.080, 0.365, 0.048, -0.926
15:49:27.225, 0.080, 0.364, 0.047, -0.927
15:49:27.252, 0.080, 0.362, 0.047, -0.927
15:49:27.281, 0.080, 0.360, 0.047, -0.928
15:49:27.308, 0.080, 0.359, 0.047, -0.929
15:49:27.335, 0.080, 0.358, 0.047, -0.929
15:49:27.390, 0.080, 0.357, 0.046, -0.930
15:49:27.448, 0.080, 0.356, 0.044, -0.930
15:49:27.487, 0.078, 0.355, 0.044, -0.930
15:49:27.529, 0.078, 0.354, 0.044, -0.931
15:49:27.571, 0.077, 0.352, 0.043, -0.932
15:49:27.600, 0.077, 0.350, 0.044, -0.932
15:49:27.626, 0.077, 0.348, 0.044, -0.933
15:49:27.655, 0.076, 0.347, 0.044, -0.934
15:49:27.667, 0.076, 0.345, 0.043, -0.934
15:49:27.683, 0.075, 0.344, 0.043, -0.935
15:49:27.697, 0.075, 0.343, 0.043, -0.936
15:49:27.711, 0.075, 0.341, 0.042, -0.936
15:49:27.724, 0.075, 0.340, 0.041, -0.936
15:49:27.738, 0.075, 0.339, 0.041, -0.937
15:49:27.751, 0.075, 0.338, 0.040, -0.937
15:49:27.766, 0.076, 0.336, 0.039, -0.938
15:49:27.780, 0.076, 0.335, 0.038, -0.938
15:49:27.807, 0.076, 0.334, 0.037, -0.939
15:49:27.839, 0.076, 0.332, 0.036, -0.940
15:49:27.864, 0.076, 0.330, 0.034, -0.940
15:49:27.892, 0.076, 0.328, 0.033, -0.941
15:49:27.919, 0.075, 0.327, 0.033, -0.941
15:49:27.946, 0.074, 0.326, 0.033, -0.942
15:49:27.975, 0.073, 0.324, 0.033, -0.943
15:49:28.003, 0.073, 0.323, 0.034, -0.943
15:49:28.029, 0.072, 0.321, 0.033, -0.944
15:49:28.058, 0.072, 0.319, 0.034, -0.944
15:49:28.071, 0.072, 0.318, 0.034, -0.945
15:49:28.100, 0.072, 0.315, 0.034, -0.946
15:49:28.114, 0.072, 0.314, 0.034, -0.946
15:49:28.141, 0.072, 0.311, 0.033, -0.947
15:49:28.155, 0.072, 0.310, 0.034, -0.948
15:49:28.167, 0.072, 0.308, 0.033, -0.948
15:49:28.182, 0.072, 0.307, 0.033, -0.948
15:49:28.196, 0.072, 0.305, 0.033, -0.949
15:49:28.209, 0.072, 0.304, 0.032, -0.949
15:49:28.224, 0.072, 0.302, 0.032, -0.950
15:49:28.238, 0.072, 0.301, 0.032, -0.950
15:49:28.251, 0.072, 0.299, 0.031, -0.951
15:49:28.265, 0.072, 0.298, 0.031, -0.951
15:49:28.279, 0.073, 0.296, 0.030, -0.952
15:49:28.293, 0.073, 0.295, 0.030, -0.952
15:49:28.321, 0.073, 0.292, 0.029, -0.953
15:49:28.334, 0.075, 0.291, 0.029, -0.953
15:49:28.348, 0.077, 0.289, 0.029, -0.954
15:49:28.377, 0.075, 0.287, 0.028, -0.955
15:49:28.389, 0.073, 0.285, 0.027, -0.955
15:49:28.404, 0.073, 0.284, 0.027, -0.956
15:49:28.432, 0.071, 0.281, 0.027, -0.957
15:49:28.446, 0.069, 0.280, 0.027, -0.957
15:49:28.460, 0.067, 0.278, 0.027, -0.958
15:49:28.474, 0.065, 0.276, 0.027, -0.959
15:49:28.488, 0.064, 0.273, 0.027, -0.960
15:49:28.503, 0.063, 0.271, 0.026, -0.960
15:49:28.515, 0.064, 0.268, 0.026, -0.961
15:49:28.529, 0.064, 0.265, 0.026, -0.962
15:49:28.543, 0.064, 0.261, 0.025, -0.963
15:49:28.557, 0.064, 0.258, 0.024, -0.964
15:49:28.571, 0.065, 0.254, 0.023, -0.965
15:49:28.586, 0.065, 0.251, 0.022, -0.965
15:49:28.600, 0.067, 0.248, 0.022, -0.966
15:49:28.614, 0.067, 0.245, 0.021, -0.967
15:49:28.626, 0.068, 0.242, 0.020, -0.968
15:49:28.641, 0.068, 0.238, 0.019, -0.969
15:49:28.655, 0.067, 0.235, 0.018, -0.970
15:49:28.667, 0.067, 0.231, 0.019, -0.971
15:49:28.682, 0.067, 0.226, 0.018, -0.972
15:49:28.697, 0.067, 0.221, 0.018, -0.973
15:49:28.711, 0.068, 0.217, 0.016, -0.974
15:49:28.726, 0.068, 0.213, 0.015, -0.975
15:49:28.740, 0.069, 0.208, 0.014, -0.976
15:49:28.753, 0.069, 0.204, 0.013, -0.976
15:49:28.767, 0.069, 0.200, 0.012, -0.977
15:49:28.781, 0.069, 0.197, 0.012, -0.978
15:49:28.794, 0.070, 0.194, 0.012, -0.978
15:49:28.807, 0.069, 0.192, 0.012, -0.979
15:49:28.822, 0.069, 0.190, 0.012, -0.979
15:49:28.836, 0.068, 0.188, 0.012, -0.980
15:49:28.849, 0.067, 0.187, 0.012, -0.980
15:49:28.863, 0.066, 0.186, 0.012, -0.980
15:49:28.890, 0.065, 0.184, 0.011, -0.981
15:49:28.918, 0.065, 0.184, 0.009, -0.981
15:49:28.960, 0.067, 0.183, 0.010, -0.981
15:49:28.975, 0.068, 0.181, 0.010, -0.981
15:49:28.987, 0.069, 0.179, 0.010, -0.981
15:49:29.002, 0.070, 0.177, 0.011, -0.982
15:49:29.015, 0.071, 0.174, 0.011, -0.982
15:49:29.029, 0.072, 0.172, 0.011, -0.982
15:49:29.044, 0.073, 0.168, 0.012, -0.983
15:49:29.058, 0.073, 0.163, 0.012, -0.984
15:49:29.071, 0.074, 0.158, 0.011, -0.985
15:49:29.086, 0.075, 0.154, 0.011, -0.985
15:49:29.100, 0.075, 0.150, 0.010, -0.986
15:49:29.114, 0.077, 0.147, 0.009, -0.986
15:49:29.126, 0.077, 0.144, 0.009, -0.987
15:49:29.141, 0.077, 0.141, 0.008, -0.987
15:49:29.155, 0.078, 0.139, 0.008, -0.987
15:49:29.167, 0.078, 0.136, 0.009, -0.988
15:49:29.183, 0.078, 0.135, 0.009, -0.988
15:49:29.209, 0.078, 0.133, 0.009, -0.988
15:49:29.251, 0.079, 0.133, 0.011, -0.988
15:49:29.307, 0.077, 0.133, 0.012, -0.988
15:49:29.349, 0.078, 0.134, 0.012, -0.988
15:49:29.377, 0.078, 0.135, 0.013, -0.988
15:49:29.404, 0.077, 0.137, 0.013, -0.988
15:49:29.447, 0.077, 0.139, 0.014, -0.987
15:49:29.488, 0.078, 0.140, 0.014, -0.987
15:49:29.530, 0.077, 0.141, 0.013, -0.987
15:49:29.585, 0.077, 0.142, 0.012, -0.987
15:49:29.641, 0.078, 0.143, 0.010, -0.987
15:49:29.668, 0.081, 0.143, 0.006, -0.986
15:49:29.683, 0.087, 0.142, 0.005, -0.986
15:49:29.697, 0.093, 0.141, 0.006, -0.986
15:49:29.709, 0.096, 0.142, 0.006, -0.985
15:49:29.724, 0.098, 0.143, 0.004, -0.985
15:49:29.738, 0.097, 0.143, 0.003, -0.985
15:49:29.794, 0.096, 0.144, 0.005, -0.985
15:49:29.807, 0.095, 0.145, 0.006, -0.985
15:49:29.835, 0.094, 0.145, 0.008, -0.985
15:49:29.863, 0.093, 0.146, 0.010, -0.985
15:49:29.891, 0.094, 0.148, 0.010, -0.984
15:49:29.904, 0.094, 0.150, 0.010, -0.984
15:49:29.918, 0.097, 0.151, 0.010, -0.984
15:49:29.932, 0.099, 0.153, 0.009, -0.983
15:49:29.947, 0.101, 0.154, 0.009, -0.983
15:49:29.961, 0.103, 0.155, 0.009, -0.982
15:49:29.975, 0.103, 0.157, 0.009, -0.982
15:49:29.988, 0.100, 0.159, 0.008, -0.982
15:49:30.003, 0.097, 0.160, 0.007, -0.982
15:49:30.017, 0.095, 0.161, 0.005, -0.982
15:49:30.029, 0.097, 0.162, 0.004, -0.982
15:49:30.044, 0.098, 0.163, 0.005, -0.982
15:49:30.058, 0.099, 0.164, 0.006, -0.981
15:49:30.071, 0.099, 0.165, 0.006, -0.981
15:49:30.099, 0.099, 0.167, 0.007, -0.981
15:49:30.127, 0.100, 0.168, 0.008, -0.981
15:49:30.156, 0.104, 0.169, 0.010, -0.980
15:49:30.182, 0.103, 0.170, 0.010, -0.980
15:49:30.196, 0.101, 0.171, 0.010, -0.980
15:49:30.210, 0.099, 0.172, 0.009, -0.980
15:49:30.225, 0.098, 0.173, 0.008, -0.980
15:49:30.239, 0.097, 0.174, 0.007, -0.980
15:49:30.266, 0.094, 0.175, 0.007, -0.980
15:49:30.295, 0.098, 0.174, 0.008, -0.980
15:49:30.322, 0.102, 0.174, 0.008, -0.979
15:49:30.336, 0.096, 0.175, 0.008, -0.980
15:49:30.364, 0.099, 0.175, 0.008, -0.980
15:49:30.378, 0.104, 0.175, 0.009, -0.979
15:49:30.390, 0.108, 0.175, 0.010, -0.979
15:49:30.405, 0.110, 0.174, 0.010, -0.978
15:49:30.451, 0.111, 0.173, 0.012, -0.979
15:49:30.461, 0.110, 0.173, 0.013, -0.979
15:49:30.476, 0.109, 0.172, 0.015, -0.979
15:49:30.490, 0.108, 0.172, 0.017, -0.979
15:49:30.504, 0.105, 0.172, 0.020, -0.979
15:49:30.517, 0.101, 0.172, 0.021, -0.980
15:49:30.531, 0.095, 0.172, 0.022, -0.980
15:49:30.545, 0.091, 0.172, 0.022, -0.981
15:49:30.559, 0.091, 0.172, 0.024, -0.981
15:49:30.572, 0.101, 0.172, 0.026, -0.980
15:49:30.586, 0.103, 0.172, 0.029, -0.979
15:49:30.601, 0.107, 0.172, 0.029, -0.979
15:49:30.627, 0.109, 0.172, 0.030, -0.979
15:49:30.669, 0.111, 0.170, 0.032, -0.979
15:49:30.683, 0.113, 0.170, 0.033, -0.978
15:49:30.697, 0.112, 0.168, 0.033, -0.979
15:49:30.710, 0.111, 0.167, 0.033, -0.979
15:49:30.724, 0.109, 0.166, 0.032, -0.979
15:49:30.751, 0.111, 0.166, 0.029, -0.979
15:49:30.766, 0.113, 0.166, 0.028, -0.979
15:49:30.779, 0.112, 0.166, 0.026, -0.979
15:49:30.794, 0.110, 0.166, 0.024, -0.980
15:49:30.807, 0.107, 0.167, 0.021, -0.980
15:49:30.823, 0.106, 0.167, 0.019, -0.980
15:49:30.836, 0.108, 0.168, 0.018, -0.980
15:49:30.849, 0.107, 0.169, 0.015, -0.980
15:49:30.863, 0.103, 0.168, 0.012, -0.980
15:49:30.878, 0.100, 0.169, 0.011, -0.981
15:49:30.890, 0.098, 0.170, 0.010, -0.981
15:49:30.919, 0.098, 0.172, 0.010, -0.980
15:49:30.932, 0.098, 0.173, 0.010, -0.980
15:49:30.947, 0.098, 0.175, 0.011, -0.980
15:49:30.961, 0.097, 0.176, 0.012, -0.980
15:49:30.974, 0.095, 0.176, 0.013, -0.980
15:49:30.987, 0.094, 0.176, 0.014, -0.980
15:49:31.017, 0.092, 0.174, 0.015, -0.980
15:49:31.044, 0.094, 0.173, 0.014, -0.980
15:49:31.071, 0.095, 0.171, 0.014, -0.981
15:49:31.100, 0.096, 0.169, 0.013, -0.981
15:49:31.142, 0.095, 0.167, 0.013, -0.981
15:49:31.169, 0.094, 0.166, 0.014, -0.982
15:49:31.225, 0.094, 0.164, 0.014, -0.982
15:49:31.280, 0.094, 0.162, 0.014, -0.982
15:49:31.312, 0.094, 0.161, 0.013, -0.982
15:49:31.336, 0.096, 0.159, 0.013, -0.982
15:49:31.350, 0.097, 0.159, 0.013, -0.982
15:49:31.432, 0.095, 0.158, 0.013, -0.983
15:49:31.460, 0.092, 0.159, 0.012, -0.983
15:49:31.475, 0.090, 0.159, 0.012, -0.983
15:49:31.487, 0.088, 0.160, 0.012, -0.983
15:49:31.503, 0.086, 0.160, 0.011, -0.983
15:49:31.571, 0.084, 0.160, 0.011, -0.983
15:49:31.599, 0.082, 0.160, 0.011, -0.984
15:49:31.626, 0.080, 0.159, 0.011, -0.984
15:49:31.641, 0.079, 0.159, 0.010, -0.984
15:49:31.656, 0.077, 0.159, 0.010, -0.984
15:49:31.667, 0.074, 0.158, 0.010, -0.985
15:49:31.683, 0.072, 0.158, 0.009, -0.985
15:49:31.697, 0.070, 0.158, 0.009, -0.985
15:49:31.710, 0.068, 0.158, 0.009, -0.985
15:49:31.724, 0.067, 0.158, 0.010, -0.985
15:49:31.738, 0.065, 0.158, 0.011, -0.985
15:49:31.751, 0.064, 0.158, 0.012, -0.985
15:49:31.767, 0.062, 0.159, 0.013, -0.985
15:49:31.781, 0.060, 0.159, 0.014, -0.985
15:49:31.794, 0.058, 0.159, 0.014, -0.985
15:49:31.807, 0.055, 0.160, 0.014, -0.985
15:49:31.822, 0.053, 0.160, 0.015, -0.986
15:49:31.835, 0.051, 0.160, 0.015, -0.986
15:49:31.849, 0.048, 0.160, 0.015, -0.986
15:49:31.864, 0.045, 0.160, 0.015, -0.986
15:49:31.877, 0.043, 0.160, 0.015, -0.986
15:49:31.891, 0.041, 0.159, 0.014, -0.986
15:49:31.904, 0.040, 0.160, 0.013, -0.986
15:49:31.932, 0.041, 0.158, 0.012, -0.986
15:49:31.960, 0.041, 0.157, 0.011, -0.987
15:49:31.988, 0.040, 0.155, 0.009, -0.987
15:49:32.016, 0.038, 0.155, 0.008, -0.987
15:49:32.071, 0.037, 0.155, 0.009, -0.987
15:49:32.099, 0.037, 0.155, 0.011, -0.987
15:49:32.128, 0.036, 0.155, 0.013, -0.987
15:49:32.155, 0.035, 0.155, 0.014, -0.987
15:49:32.196, 0.034, 0.155, 0.015, -0.987
15:49:32.239, 0.034, 0.155, 0.013, -0.987
15:49:32.266, 0.035, 0.155, 0.012, -0.987
15:49:32.307, 0.034, 0.155, 0.011, -0.987
15:49:32.377, 0.035, 0.155, 0.012, -0.987
15:49:32.432, 0.036, 0.154, 0.013, -0.987
15:49:32.460, 0.038, 0.155, 0.014, -0.987
15:49:32.487, 0.040, 0.156, 0.014, -0.987
15:49:32.516, 0.042, 0.156, 0.015, -0.987
15:49:32.544, 0.043, 0.157, 0.016, -0.987
15:49:32.572, 0.044, 0.157, 0.018, -0.987
15:49:32.599, 0.045, 0.157, 0.019, -0.986
15:49:32.628, 0.045, 0.156, 0.021, -0.987
15:49:32.656, 0.045, 0.155, 0.022, -0.987
15:49:32.683, 0.044, 0.153, 0.023, -0.987
15:49:32.725, 0.043, 0.152, 0.021, -0.987
15:49:32.767, 0.042, 0.151, 0.020, -0.987
15:49:32.848, 0.045, 0.151, 0.020, -0.987
15:49:32.878, 0.047, 0.151, 0.021, -0.987
15:49:32.890, 0.048, 0.152, 0.020, -0.987
15:49:32.904, 0.050, 0.152, 0.020, -0.987
15:49:32.918, 0.051, 0.152, 0.019, -0.987
15:49:32.932, 0.053, 0.153, 0.019, -0.987
15:49:32.961, 0.056, 0.153, 0.020, -0.986
15:49:32.974, 0.057, 0.154, 0.020, -0.986
15:49:33.002, 0.059, 0.154, 0.021, -0.986
15:49:33.047, 0.059, 0.154, 0.023, -0.986
15:49:33.101, 0.057, 0.154, 0.023, -0.986
15:49:33.142, 0.056, 0.155, 0.022, -0.986
15:49:33.183, 0.057, 0.155, 0.020, -0.986
15:49:33.209, 0.059, 0.156, 0.018, -0.986
15:49:33.238, 0.061, 0.157, 0.017, -0.986
15:49:33.265, 0.062, 0.158, 0.017, -0.985
15:49:33.306, 0.064, 0.159, 0.016, -0.985
15:49:33.362, 0.064, 0.161, 0.017, -0.985
15:49:33.432, 0.064, 0.161, 0.019, -0.985
15:49:33.488, 0.065, 0.160, 0.020, -0.985
15:49:33.544, 0.066, 0.159, 0.019, -0.985
15:49:33.668, 0.068, 0.158, 0.019, -0.985
15:49:33.738, 0.068, 0.160, 0.019, -0.985
15:49:33.794, 0.069, 0.161, 0.018, -0.984
15:49:33.836, 0.070, 0.163, 0.018, -0.984
15:49:33.877, 0.071, 0.164, 0.018, -0.984
15:49:33.919, 0.071, 0.165, 0.019, -0.983
15:49:33.974, 0.070, 0.167, 0.020, -0.983
15:49:34.030, 0.071, 0.168, 0.019, -0.983
15:49:34.058, 0.071, 0.169, 0.017, -0.983
15:49:34.085, 0.071, 0.171, 0.015, -0.983
15:49:34.114, 0.072, 0.173, 0.014, -0.982
15:49:34.126, 0.072, 0.175, 0.013, -0.982
15:49:34.141, 0.073, 0.176, 0.013, -0.982
15:49:34.169, 0.073, 0.179, 0.012, -0.981
15:49:34.198, 0.074, 0.181, 0.012, -0.981
15:49:34.210, 0.074, 0.182, 0.011, -0.980
15:49:34.225, 0.075, 0.184, 0.011, -0.980
15:49:34.252, 0.077, 0.186, 0.010, -0.979
15:49:34.280, 0.078, 0.188, 0.010, -0.979
15:49:34.307, 0.077, 0.190, 0.011, -0.979
15:49:34.336, 0.076, 0.191, 0.011, -0.979
15:49:34.364, 0.075, 0.192, 0.012, -0.979
15:49:34.433, 0.075, 0.193, 0.011, -0.978
15:49:34.460, 0.077, 0.194, 0.011, -0.978
15:49:34.488, 0.078, 0.195, 0.010, -0.978
15:49:34.517, 0.080, 0.196, 0.010, -0.977
15:49:34.558, 0.080, 0.197, 0.010, -0.977
15:49:34.613, 0.079, 0.198, 0.010, -0.977
15:49:34.683, 0.080, 0.199, 0.010, -0.977
15:49:34.739, 0.081, 0.199, 0.011, -0.977
15:49:34.783, 0.081, 0.199, 0.012, -0.977
15:49:34.809, 0.081, 0.198, 0.013, -0.977
15:49:34.851, 0.080, 0.196, 0.014, -0.977
15:49:34.933, 0.081, 0.196, 0.012, -0.977
15:49:34.974, 0.083, 0.197, 0.010, -0.977
15:49:35.071, 0.082, 0.198, 0.011, -0.977
15:49:35.126, 0.081, 0.198, 0.012, -0.977
15:49:35.238, 0.080, 0.198, 0.013, -0.977
15:49:35.281, 0.081, 0.197, 0.014, -0.977
15:49:35.406, 0.082, 0.196, 0.012, -0.977
15:49:35.474, 0.081, 0.197, 0.012, -0.977
15:49:35.543, 0.080, 0.198, 0.010, -0.977
15:49:35.613, 0.081, 0.198, 0.009, -0.977
15:49:35.710, 0.083, 0.199, 0.010, -0.976
15:49:35.739, 0.084, 0.199, 0.011, -0.976
15:49:35.766, 0.085, 0.199, 0.012, -0.976
15:49:35.794, 0.086, 0.198, 0.013, -0.976
15:49:35.822, 0.086, 0.197, 0.015, -0.976
15:49:35.848, 0.087, 0.198, 0.016, -0.976
15:49:35.878, 0.089, 0.200, 0.017, -0.976
15:49:35.890, 0.091, 0.201, 0.017, -0.975
15:49:35.906, 0.091, 0.203, 0.018, -0.975
15:49:35.920, 0.092, 0.204, 0.018, -0.974
15:49:35.934, 0.092, 0.206, 0.018, -0.974
15:49:35.946, 0.092, 0.208, 0.019, -0.974
15:49:35.961, 0.092, 0.209, 0.019, -0.973
15:49:35.975, 0.092, 0.211, 0.019, -0.973
15:49:35.987, 0.092, 0.212, 0.018, -0.973
15:49:36.003, 0.091, 0.214, 0.017, -0.972
15:49:36.017, 0.090, 0.215, 0.017, -0.972
15:49:36.030, 0.089, 0.216, 0.017, -0.972
15:49:36.058, 0.088, 0.217, 0.017, -0.972
15:49:36.114, 0.089, 0.218, 0.019, -0.972
15:49:36.225, 0.088, 0.217, 0.019, -0.972
15:49:36.252, 0.088, 0.216, 0.020, -0.972
15:49:36.280, 0.088, 0.215, 0.021, -0.973
15:49:36.322, 0.089, 0.214, 0.022, -0.972
15:49:36.364, 0.090, 0.215, 0.021, -0.972
15:49:36.405, 0.089, 0.214, 0.019, -0.973
15:49:36.432, 0.086, 0.213, 0.018, -0.973
15:49:36.447, 0.084, 0.212, 0.018, -0.973
15:49:36.462, 0.082, 0.211, 0.018, -0.974
15:49:36.475, 0.080, 0.208, 0.018, -0.975
15:49:36.487, 0.079, 0.203, 0.018, -0.976
15:49:36.503, 0.077, 0.197, 0.018, -0.977
15:49:36.520, 0.076, 0.188, 0.017, -0.979
15:49:36.530, 0.076, 0.178, 0.015, -0.981
15:49:36.546, 0.075, 0.166, 0.013, -0.983
15:49:36.560, 0.073, 0.153, 0.010, -0.985
15:49:36.573, 0.073, 0.139, 0.009, -0.988
15:49:36.587, 0.073, 0.123, 0.007, -0.990
15:49:36.600, 0.073, 0.107, 0.004, -0.992
15:49:36.615, 0.072, 0.089, 0.003, -0.993
15:49:36.627, 0.071, 0.072, 0.001, -0.995
15:49:36.642, 0.070, 0.054, 0.000, -0.996
15:49:36.656, 0.068, 0.036, -0.001, -0.997
15:49:36.669, 0.067, 0.017, -0.002, -0.998
15:49:36.684, 0.067, -0.002, -0.003, -0.998
15:49:36.697, 0.067, -0.022, -0.004, -0.998
15:49:36.711, 0.067, -0.042, -0.004, -0.997
15:49:36.724, 0.068, -0.062, -0.005, -0.996
15:49:36.738, 0.068, -0.081, -0.006, -0.994
15:49:36.752, 0.069, -0.100, -0.008, -0.993
15:49:36.766, 0.070, -0.119, -0.010, -0.990
15:49:36.781, 0.072, -0.138, -0.012, -0.988
15:49:36.794, 0.073, -0.157, -0.013, -0.985
15:49:36.807, 0.074, -0.175, -0.015, -0.982
15:49:36.822, 0.074, -0.192, -0.017, -0.978
15:49:36.835, 0.074, -0.208, -0.018, -0.975
15:49:36.849, 0.075, -0.223, -0.020, -0.972
15:49:36.864, 0.075, -0.238, -0.021, -0.968
15:49:36.877, 0.075, -0.252, -0.022, -0.964
15:49:36.891, 0.075, -0.266, -0.023, -0.961
15:49:36.905, 0.074, -0.278, -0.024, -0.957
15:49:36.919, 0.072, -0.289, -0.024, -0.954
15:49:36.932, 0.071, -0.299, -0.024, -0.951
15:49:36.947, 0.070, -0.308, -0.025, -0.949
15:49:36.961, 0.068, -0.317, -0.023, -0.946
15:49:36.975, 0.065, -0.324, -0.023, -0.943
15:49:36.989, 0.063, -0.330, -0.024, -0.942
15:49:37.002, 0.060, -0.334, -0.024, -0.941
15:49:37.016, 0.057, -0.335, -0.024, -0.940
15:49:37.030, 0.055, -0.335, -0.024, -0.940
15:49:37.045, 0.053, -0.334, -0.022, -0.941
15:49:37.058, 0.053, -0.332, -0.021, -0.941
15:49:37.072, 0.053, -0.329, -0.019, -0.943
15:49:37.085, 0.053, -0.326, -0.018, -0.944
15:49:37.099, 0.053, -0.320, -0.017, -0.946
15:49:37.113, 0.053, -0.315, -0.016, -0.948
15:49:37.127, 0.054, -0.309, -0.014, -0.949
15:49:37.142, 0.055, -0.304, -0.012, -0.951
15:49:37.155, 0.057, -0.299, -0.011, -0.953
15:49:37.169, 0.058, -0.292, -0.010, -0.954
15:49:37.183, 0.058, -0.286, -0.008, -0.957
15:49:37.198, 0.058, -0.277, -0.006, -0.959
15:49:37.210, 0.056, -0.269, -0.004, -0.961
15:49:37.225, 0.056, -0.260, -0.003, -0.964
15:49:37.239, 0.055, -0.250, -0.001, -0.967
15:49:37.253, 0.054, -0.239, 0.001, -0.969
15:49:37.266, 0.052, -0.227, 0.003, -0.973
15:49:37.280, 0.050, -0.211, 0.006, -0.976
15:49:37.294, 0.047, -0.194, 0.010, -0.980
15:49:37.307, 0.045, -0.173, 0.014, -0.984
15:49:37.323, 0.044, -0.152, 0.019, -0.987
15:49:37.337, 0.043, -0.129, 0.027, -0.990
15:49:37.349, 0.041, -0.105, 0.035, -0.993
15:49:37.364, 0.039, -0.081, 0.041, -0.995
15:49:37.377, 0.038, -0.055, 0.049, -0.997
15:49:37.392, 0.038, -0.029, 0.056, -0.997
15:49:37.406, 0.039, -0.004, 0.062, -0.997
15:49:37.420, 0.041, 0.019, 0.066, -0.997
15:49:37.435, 0.043, 0.040, 0.069, -0.996
15:49:37.448, 0.046, 0.058, 0.071, -0.995
15:49:37.463, 0.048, 0.076, 0.072, -0.993
15:49:37.476, 0.049, 0.094, 0.072, -0.992
15:49:37.488, 0.050, 0.112, 0.072, -0.990
15:49:37.504, 0.050, 0.127, 0.073, -0.988
15:49:37.517, 0.051, 0.138, 0.072, -0.987
15:49:37.529, 0.051, 0.146, 0.070, -0.986
15:49:37.544, 0.052, 0.152, 0.066, -0.985
15:49:37.558, 0.053, 0.159, 0.063, -0.984
15:49:37.572, 0.053, 0.166, 0.060, -0.983
15:49:37.586, 0.052, 0.172, 0.057, -0.982
15:49:37.600, 0.053, 0.177, 0.055, -0.981
15:49:37.614, 0.053, 0.180, 0.054, -0.981
15:49:37.627, 0.054, 0.183, 0.053, -0.980
15:49:37.641, 0.054, 0.185, 0.053, -0.980
15:49:37.654, 0.055, 0.186, 0.053, -0.980
15:49:37.668, 0.057, 0.187, 0.053, -0.979
15:49:37.684, 0.059, 0.189, 0.054, -0.979
15:49:37.698, 0.061, 0.190, 0.054, -0.978
15:49:37.710, 0.063, 0.191, 0.054, -0.978
15:49:37.725, 0.064, 0.192, 0.054, -0.978
15:49:37.752, 0.065, 0.194, 0.054, -0.977
15:49:37.766, 0.067, 0.196, 0.054, -0.977
15:49:37.780, 0.068, 0.198, 0.054, -0.976
15:49:37.794, 0.069, 0.199, 0.055, -0.976
15:49:37.807, 0.069, 0.202, 0.055, -0.975
15:49:37.823, 0.070, 0.206, 0.055, -0.974
15:49:37.835, 0.070, 0.212, 0.057, -0.973
15:49:37.849, 0.070, 0.218, 0.057, -0.972
15:49:37.864, 0.070, 0.224, 0.058, -0.970
15:49:37.878, 0.070, 0.232, 0.060, -0.968
15:49:37.891, 0.070, 0.240, 0.061, -0.966
15:49:37.905, 0.071, 0.251, 0.063, -0.963
15:49:37.919, 0.072, 0.262, 0.065, -0.960
15:49:37.933, 0.075, 0.276, 0.067, -0.956
15:49:37.948, 0.077, 0.291, 0.068, -0.951
15:49:37.962, 0.079, 0.307, 0.070, -0.946
15:49:37.975, 0.080, 0.324, 0.072, -0.940
15:49:37.988, 0.082, 0.340, 0.073, -0.934
15:49:38.002, 0.083, 0.355, 0.075, -0.928
15:49:38.017, 0.083, 0.369, 0.075, -0.923
15:49:38.030, 0.083, 0.382, 0.075, -0.917
15:49:38.045, 0.083, 0.393, 0.075, -0.913
15:49:38.059, 0.083, 0.405, 0.073, -0.907
15:49:38.072, 0.085, 0.417, 0.073, -0.902
15:49:38.086, 0.086, 0.429, 0.072, -0.896
15:49:38.100, 0.088, 0.439, 0.072, -0.891
15:49:38.114, 0.090, 0.449, 0.072, -0.886
15:49:38.128, 0.091, 0.459, 0.070, -0.881
15:49:38.142, 0.092, 0.469, 0.069, -0.876
15:49:38.155, 0.094, 0.477, 0.068, -0.871
15:49:38.169, 0.095, 0.485, 0.068, -0.867
15:49:38.184, 0.096, 0.491, 0.068, -0.863
15:49:38.198, 0.097, 0.498, 0.067, -0.859
15:49:38.211, 0.099, 0.504, 0.066, -0.855
15:49:38.226, 0.099, 0.510, 0.066, -0.852
15:49:38.240, 0.100, 0.515, 0.067, -0.849
15:49:38.255, 0.101, 0.521, 0.067, -0.845
15:49:38.268, 0.102, 0.527, 0.069, -0.841
15:49:38.280, 0.103, 0.534, 0.070, -0.836
15:49:38.295, 0.101, 0.541, 0.071, -0.832
15:49:38.307, 0.099, 0.547, 0.071, -0.829
15:49:38.322, 0.097, 0.553, 0.070, -0.825
15:49:38.336, 0.095, 0.559, 0.067, -0.821
15:49:38.350, 0.094, 0.565, 0.065, -0.817
15:49:38.364, 0.094, 0.570, 0.064, -0.814
15:49:38.377, 0.093, 0.574, 0.063, -0.811
15:49:38.391, 0.092, 0.577, 0.061, -0.809
15:49:38.405, 0.092, 0.580, 0.059, -0.808
15:49:38.420, 0.092, 0.582, 0.057, -0.806
15:49:38.434, 0.092, 0.584, 0.056, -0.805
15:49:38.448, 0.091, 0.585, 0.054, -0.804
15:49:38.461, 0.090, 0.586, 0.052, -0.803
15:49:38.476, 0.088, 0.586, 0.051, -0.804
15:49:38.488, 0.087, 0.585, 0.049, -0.805
15:49:38.504, 0.086, 0.584, 0.048, -0.806
15:49:38.517, 0.087, 0.583, 0.047, -0.806
15:49:38.531, 0.088, 0.582, 0.047, -0.807
15:49:38.545, 0.089, 0.581, 0.047, -0.808
15:49:38.559, 0.090, 0.579, 0.047, -0.809
15:49:38.572, 0.090, 0.578, 0.048, -0.810
15:49:38.601, 0.091, 0.577, 0.049, -0.810
15:49:38.614, 0.090, 0.578, 0.051, -0.810
15:49:38.628, 0.089, 0.579, 0.052, -0.809
15:49:38.642, 0.089, 0.580, 0.052, -0.808
15:49:38.655, 0.088, 0.582, 0.052, -0.807
15:49:38.684, 0.086, 0.582, 0.051, -0.807
15:49:38.698, 0.085, 0.581, 0.051, -0.808
15:49:38.710, 0.085, 0.580, 0.051, -0.809
15:49:38.753, 0.084, 0.578, 0.051, -0.810
15:49:38.781, 0.084, 0.577, 0.051, -0.811
15:49:38.807, 0.084, 0.576, 0.052, -0.812
15:49:38.836, 0.084, 0.574, 0.053, -0.813
15:49:38.865, 0.084, 0.573, 0.053, -0.814
15:49:38.891, 0.084, 0.571, 0.053, -0.815
15:49:38.920, 0.084, 0.570, 0.053, -0.816
15:49:38.947, 0.083, 0.568, 0.053, -0.817
15:49:38.976, 0.084, 0.567, 0.052, -0.818
15:49:39.003, 0.083, 0.566, 0.051, -0.819
15:49:39.031, 0.083, 0.564, 0.049, -0.820
15:49:39.044, 0.084, 0.563, 0.049, -0.821
15:49:39.072, 0.084, 0.561, 0.048, -0.822
15:49:39.087, 0.084, 0.560, 0.048, -0.823
15:49:39.100, 0.084, 0.558, 0.047, -0.824
15:49:39.127, 0.086, 0.557, 0.046, -0.825
15:49:39.143, 0.089, 0.556, 0.047, -0.825
15:49:39.158, 0.093, 0.556, 0.049, -0.825
15:49:39.170, 0.095, 0.557, 0.051, -0.824
15:49:39.184, 0.096, 0.558, 0.052, -0.822
15:49:39.197, 0.096, 0.560, 0.053, -0.821
15:49:39.211, 0.095, 0.561, 0.053, -0.821
15:49:39.225, 0.093, 0.562, 0.053, -0.820
15:49:39.239, 0.091, 0.561, 0.052, -0.821
15:49:39.252, 0.089, 0.560, 0.051, -0.822
15:49:39.267, 0.087, 0.559, 0.051, -0.823
15:49:39.280, 0.086, 0.558, 0.050, -0.824
15:49:39.308, 0.086, 0.556, 0.049, -0.825
15:49:39.337, 0.084, 0.554, 0.049, -0.827
15:49:39.364, 0.083, 0.553, 0.049, -0.827
15:49:39.391, 0.081, 0.551, 0.049, -0.829
15:49:39.406, 0.080, 0.549, 0.048, -0.831
15:49:39.420, 0.078, 0.546, 0.048, -0.833
15:49:39.434, 0.075, 0.542, 0.047, -0.836
15:49:39.446, 0.072, 0.536, 0.046, -0.840
15:49:39.462, 0.068, 0.527, 0.047, -0.846
15:49:39.475, 0.065, 0.519, 0.049, -0.851
15:49:39.488, 0.061, 0.507, 0.051, -0.858
15:49:39.504, 0.058, 0.494, 0.052, -0.866
15:49:39.517, 0.055, 0.480, 0.050, -0.874
15:49:39.530, 0.052, 0.465, 0.046, -0.882
15:49:39.545, 0.049, 0.450, 0.041, -0.891
15:49:39.559, 0.048, 0.435, 0.036, -0.899
15:49:39.572, 0.048, 0.416, 0.030, -0.907
15:49:39.586, 0.050, 0.397, 0.024, -0.916
15:49:39.600, 0.053, 0.374, 0.018, -0.926
15:49:39.614, 0.056, 0.350, 0.013, -0.935
15:49:39.627, 0.059, 0.325, 0.008, -0.944
15:49:39.642, 0.063, 0.300, 0.001, -0.952
15:49:39.656, 0.067, 0.275, -0.004, -0.959
15:49:39.669, 0.072, 0.249, -0.009, -0.966
15:49:39.684, 0.079, 0.222, -0.014, -0.972
15:49:39.698, 0.084, 0.196, -0.020, -0.977
15:49:39.711, 0.092, 0.168, -0.026, -0.981
15:49:39.725, 0.096, 0.141, -0.032, -0.985
15:49:39.739, 0.098, 0.114, -0.037, -0.988
15:49:39.753, 0.099, 0.088, -0.041, -0.990
15:49:39.767, 0.099, 0.062, -0.044, -0.992
15:49:39.781, 0.099, 0.035, -0.048, -0.993
15:49:39.794, 0.097, 0.010, -0.052, -0.994
15:49:39.808, 0.095, -0.014, -0.054, -0.994
15:49:39.823, 0.092, -0.036, -0.056, -0.993
15:49:39.837, 0.089, -0.057, -0.057, -0.993
15:49:39.849, 0.086, -0.077, -0.058, -0.992
15:49:39.864, 0.083, -0.096, -0.057, -0.990
15:49:39.878, 0.081, -0.115, -0.055, -0.989
15:49:39.892, 0.078, -0.130, -0.053, -0.987
15:49:39.906, 0.074, -0.146, -0.051, -0.985
15:49:39.919, 0.071, -0.160, -0.049, -0.983
15:49:39.933, 0.068, -0.173, -0.048, -0.981
15:49:39.948, 0.065, -0.185, -0.046, -0.979
15:49:39.962, 0.063, -0.198, -0.045, -0.977
15:49:39.975, 0.060, -0.210, -0.043, -0.975
15:49:39.989, 0.056, -0.222, -0.042, -0.972
15:49:40.005, 0.053, -0.232, -0.042, -0.970
15:49:40.019, 0.050, -0.243, -0.041, -0.968
15:49:40.032, 0.049, -0.253, -0.040, -0.965
15:49:40.046, 0.049, -0.265, -0.039, -0.962
15:49:40.060, 0.050, -0.275, -0.039, -0.959
15:49:40.073, 0.051, -0.284, -0.038, -0.957
15:49:40.087, 0.051, -0.293, -0.037, -0.954
15:49:40.100, 0.051, -0.303, -0.038, -0.951
15:49:40.115, 0.053, -0.312, -0.039, -0.948
15:49:40.128, 0.055, -0.321, -0.039, -0.945
15:49:40.143, 0.058, -0.329, -0.039, -0.942
15:49:40.157, 0.060, -0.338, -0.039, -0.938
15:49:40.169, 0.062, -0.347, -0.039, -0.935
15:49:40.184, 0.064, -0.355, -0.039, -0.932
15:49:40.198, 0.066, -0.361, -0.040, -0.929
15:49:40.211, 0.069, -0.367, -0.040, -0.927
15:49:40.225, 0.071, -0.372, -0.040, -0.925
15:49:40.239, 0.072, -0.377, -0.041, -0.922
15:49:40.253, 0.072, -0.382, -0.041, -0.920
15:49:40.266, 0.072, -0.386, -0.041, -0.919
15:49:40.281, 0.073, -0.391, -0.041, -0.917
15:49:40.295, 0.073, -0.396, -0.040, -0.915
15:49:40.307, 0.073, -0.400, -0.040, -0.913
15:49:40.322, 0.073, -0.403, -0.040, -0.911
15:49:40.336, 0.073, -0.406, -0.040, -0.910
15:49:40.350, 0.072, -0.409, -0.040, -0.909
15:49:40.364, 0.072, -0.412, -0.040, -0.907
15:49:40.378, 0.072, -0.414, -0.041, -0.906
15:49:40.392, 0.072, -0.416, -0.041, -0.906
15:49:40.420, 0.069, -0.417, -0.039, -0.905
15:49:40.462, 0.070, -0.416, -0.038, -0.906
15:49:40.476, 0.070, -0.415, -0.037, -0.906
15:49:40.488, 0.070, -0.414, -0.037, -0.907
15:49:40.504, 0.070, -0.412, -0.036, -0.908
15:49:40.517, 0.070, -0.411, -0.034, -0.908
15:49:40.531, 0.070, -0.409, -0.032, -0.909
15:49:40.544, 0.070, -0.408, -0.031, -0.910
15:49:40.572, 0.069, -0.407, -0.029, -0.910
15:49:40.600, 0.068, -0.406, -0.026, -0.911
15:49:40.628, 0.067, -0.405, -0.025, -0.911
15:49:40.669, 0.066, -0.407, -0.024, -0.911
15:49:40.684, 0.066, -0.408, -0.023, -0.910
15:49:40.699, 0.065, -0.409, -0.022, -0.910
15:49:40.725, 0.065, -0.412, -0.021, -0.909
15:49:40.754, 0.065, -0.413, -0.020, -0.908
15:49:40.767, 0.066, -0.412, -0.019, -0.909
15:49:40.781, 0.067, -0.411, -0.017, -0.909
15:49:40.796, 0.071, -0.408, -0.017, -0.910
15:49:40.808, 0.075, -0.407, -0.016, -0.910
15:49:40.823, 0.079, -0.406, -0.016, -0.910
15:49:40.837, 0.081, -0.406, -0.015, -0.910
15:49:40.864, 0.082, -0.408, -0.015, -0.909
15:49:40.878, 0.082, -0.409, -0.015, -0.909
15:49:40.891, 0.082, -0.411, -0.015, -0.908
15:49:40.920, 0.083, -0.412, -0.014, -0.907
15:49:40.948, 0.084, -0.412, -0.013, -0.907
15:49:40.989, 0.085, -0.412, -0.012, -0.907
15:49:41.017, 0.087, -0.413, -0.011, -0.906
15:49:41.046, 0.088, -0.414, -0.010, -0.906
15:49:41.072, 0.089, -0.415, -0.009, -0.906
15:49:41.101, 0.088, -0.416, -0.008, -0.905
15:49:41.114, 0.086, -0.416, -0.008, -0.905
15:49:41.142, 0.084, -0.416, -0.007, -0.906
15:49:41.169, 0.085, -0.414, -0.006, -0.906
15:49:41.197, 0.085, -0.412, -0.004, -0.907
15:49:41.226, 0.085, -0.410, -0.003, -0.908
15:49:41.254, 0.084, -0.409, -0.003, -0.909
15:49:41.296, 0.084, -0.408, -0.003, -0.909
15:49:41.322, 0.082, -0.407, -0.004, -0.910
15:49:41.364, 0.081, -0.406, -0.004, -0.910
15:49:41.447, 0.081, -0.405, -0.005, -0.911
15:49:41.475, 0.081, -0.404, -0.006, -0.911
15:49:41.504, 0.080, -0.402, -0.007, -0.912
15:49:41.545, 0.080, -0.401, -0.006, -0.913
15:49:41.572, 0.081, -0.400, -0.005, -0.913
15:49:41.614, 0.082, -0.399, -0.006, -0.913
15:49:41.642, 0.082, -0.397, -0.006, -0.914
15:49:41.670, 0.083, -0.395, -0.006, -0.915
15:49:41.698, 0.084, -0.393, -0.006, -0.916
15:49:41.711, 0.083, -0.391, -0.006, -0.917
15:49:41.726, 0.083, -0.389, -0.006, -0.918
15:49:41.740, 0.083, -0.387, -0.005, -0.918
15:49:41.752, 0.083, -0.384, -0.005, -0.919
15:49:41.767, 0.083, -0.382, -0.004, -0.920
15:49:41.781, 0.083, -0.378, -0.002, -0.922
15:49:41.794, 0.084, -0.374, -0.001, -0.924
15:49:41.808, 0.084, -0.368, 0.002, -0.926
15:49:41.823, 0.084, -0.361, 0.005, -0.929
15:49:41.837, 0.084, -0.351, 0.010, -0.932
15:49:41.849, 0.084, -0.341, 0.015, -0.936
15:49:41.864, 0.084, -0.327, 0.023, -0.941
15:49:41.879, 0.085, -0.311, 0.030, -0.946
15:49:41.891, 0.083, -0.294, 0.037, -0.952
15:49:41.905, 0.080, -0.274, 0.043, -0.957
15:49:41.920, 0.078, -0.254, 0.049, -0.963
15:49:41.933, 0.076, -0.233, 0.053, -0.968
15:49:41.948, 0.074, -0.211, 0.057, -0.973
15:49:41.961, 0.073, -0.191, 0.061, -0.977
15:49:41.976, 0.073, -0.169, 0.065, -0.981
15:49:41.989, 0.071, -0.148, 0.070, -0.984
15:49:42.003, 0.070, -0.126, 0.073, -0.987
15:49:42.017, 0.069, -0.105, 0.076, -0.989
15:49:42.030, 0.069, -0.083, 0.078, -0.991
15:49:42.044, 0.071, -0.061, 0.079, -0.992
15:49:42.059, 0.073, -0.041, 0.080, -0.993
15:49:42.072, 0.074, -0.021, 0.081, -0.994
15:49:42.087, 0.075, -0.002, 0.082, -0.994
15:49:42.101, 0.075, 0.016, 0.083, -0.994
15:49:42.114, 0.075, 0.032, 0.083, -0.993
15:49:42.128, 0.076, 0.048, 0.084, -0.992
15:49:42.142, 0.076, 0.062, 0.083, -0.992
15:49:42.155, 0.076, 0.076, 0.081, -0.991
15:49:42.169, 0.075, 0.089, 0.080, -0.990
15:49:42.184, 0.074, 0.101, 0.078, -0.989
15:49:42.198, 0.073, 0.110, 0.077, -0.988
15:49:42.212, 0.072, 0.120, 0.074, -0.987
15:49:42.226, 0.072, 0.127, 0.072, -0.987
15:49:42.240, 0.071, 0.133, 0.070, -0.986
15:49:42.252, 0.070, 0.138, 0.069, -0.986
15:49:42.267, 0.067, 0.142, 0.066, -0.985
15:49:42.281, 0.065, 0.145, 0.065, -0.985
15:49:42.295, 0.062, 0.148, 0.063, -0.985
15:49:42.308, 0.060, 0.149, 0.062, -0.985
15:49:42.322, 0.059, 0.151, 0.061, -0.985
15:49:42.336, 0.058, 0.152, 0.060, -0.985
15:49:42.365, 0.059, 0.154, 0.060, -0.985
15:49:42.392, 0.058, 0.155, 0.061, -0.984
15:49:42.419, 0.056, 0.156, 0.063, -0.984
15:49:42.448, 0.054, 0.156, 0.063, -0.984
15:49:42.476, 0.053, 0.157, 0.063, -0.984
15:49:42.504, 0.052, 0.158, 0.061, -0.984
15:49:42.530, 0.051, 0.160, 0.060, -0.984
15:49:42.559, 0.049, 0.162, 0.059, -0.984
15:49:42.572, 0.047, 0.163, 0.058, -0.984
15:49:42.591, 0.047, 0.164, 0.057, -0.984
15:49:42.601, 0.050, 0.165, 0.056, -0.983
15:49:42.616, 0.051, 0.167, 0.054, -0.983
15:49:42.630, 0.052, 0.169, 0.053, -0.983
15:49:42.658, 0.051, 0.170, 0.052, -0.983
15:49:42.684, 0.051, 0.172, 0.051, -0.982
15:49:42.710, 0.051, 0.174, 0.049, -0.982
15:49:42.739, 0.051, 0.176, 0.049, -0.982
15:49:42.767, 0.050, 0.177, 0.048, -0.982
15:49:42.794, 0.051, 0.179, 0.047, -0.981
15:49:42.808, 0.051, 0.181, 0.046, -0.981
15:49:42.823, 0.052, 0.182, 0.046, -0.981
15:49:42.837, 0.052, 0.184, 0.045, -0.981
15:49:42.849, 0.052, 0.185, 0.045, -0.980
15:49:42.864, 0.053, 0.187, 0.044, -0.980
15:49:42.879, 0.054, 0.188, 0.043, -0.980
15:49:42.891, 0.054, 0.190, 0.043, -0.979
15:49:42.920, 0.055, 0.192, 0.044, -0.979
15:49:42.947, 0.056, 0.193, 0.044, -0.979
15:49:42.988, 0.057, 0.195, 0.045, -0.978
15:49:43.017, 0.058, 0.196, 0.046, -0.978
15:49:43.044, 0.058, 0.197, 0.047, -0.978
15:49:43.086, 0.057, 0.197, 0.048, -0.977
15:49:43.128, 0.057, 0.199, 0.048, -0.977
15:49:43.169, 0.055, 0.200, 0.047, -0.977
15:49:43.211, 0.055, 0.201, 0.045, -0.977
15:49:43.281, 0.056, 0.201, 0.044, -0.977
15:49:43.308, 0.056, 0.198, 0.044, -0.978
15:49:43.323, 0.056, 0.195, 0.044, -0.978
15:49:43.337, 0.055, 0.190, 0.045, -0.979
15:49:43.349, 0.055, 0.181, 0.045, -0.981
15:49:43.364, 0.055, 0.170, 0.045, -0.983
15:49:43.379, 0.055, 0.154, 0.043, -0.986
15:49:43.391, 0.056, 0.137, 0.039, -0.988
15:49:43.405, 0.056, 0.120, 0.033, -0.991
15:49:43.420, 0.056, 0.104, 0.026, -0.993
15:49:43.434, 0.055, 0.089, 0.019, -0.994
15:49:43.447, 0.053, 0.072, 0.014, -0.996
15:49:43.462, 0.050, 0.056, 0.010, -0.997
15:49:43.474, 0.049, 0.039, 0.006, -0.998
15:49:43.488, 0.049, 0.020, 0.003, -0.999
15:49:43.504, 0.050, 0.001, 0.002, -0.999
15:49:43.517, 0.051, -0.020, -0.002, -0.999
15:49:43.530, 0.052, -0.040, -0.005, -0.998
15:49:43.545, 0.054, -0.061, -0.009, -0.997
15:49:43.559, 0.055, -0.083, -0.012, -0.995
15:49:43.572, 0.057, -0.106, -0.014, -0.993
15:49:43.586, 0.059, -0.130, -0.016, -0.990
15:49:43.600, 0.062, -0.155, -0.018, -0.986
15:49:43.614, 0.065, -0.180, -0.020, -0.981
15:49:43.627, 0.068, -0.206, -0.019, -0.976
15:49:43.643, 0.070, -0.233, -0.018, -0.970
15:49:43.656, 0.072, -0.261, -0.018, -0.962
15:49:43.668, 0.073, -0.288, -0.020, -0.955
15:49:43.684, 0.074, -0.313, -0.022, -0.947
15:49:43.697, 0.074, -0.334, -0.024, -0.939
15:49:43.711, 0.073, -0.352, -0.026, -0.933
15:49:43.726, 0.071, -0.368, -0.028, -0.927
15:49:43.740, 0.069, -0.382, -0.030, -0.921
15:49:43.752, 0.068, -0.392, -0.031, -0.917
15:49:43.767, 0.067, -0.398, -0.032, -0.914
15:49:43.780, 0.067, -0.404, -0.031, -0.912
15:49:43.795, 0.067, -0.408, -0.030, -0.910
15:49:43.807, 0.068, -0.411, -0.028, -0.909
15:49:43.823, 0.068, -0.412, -0.026, -0.908
15:49:43.837, 0.068, -0.413, -0.024, -0.908
15:49:43.849, 0.067, -0.413, -0.021, -0.908
15:49:43.864, 0.066, -0.414, -0.019, -0.908
15:49:43.879, 0.065, -0.414, -0.017, -0.908
15:49:43.892, 0.064, -0.414, -0.016, -0.908
15:49:43.920, 0.065, -0.415, -0.013, -0.907
15:49:43.935, 0.065, -0.416, -0.012, -0.907
15:49:43.947, 0.066, -0.418, -0.010, -0.906
15:49:43.962, 0.065, -0.420, -0.006, -0.905
15:49:43.976, 0.064, -0.424, -0.001, -0.903
15:49:43.988, 0.064, -0.429, 0.002, -0.901
15:49:44.004, 0.065, -0.433, 0.002, -0.899
15:49:44.017, 0.067, -0.438, 0.001, -0.896
15:49:44.030, 0.069, -0.444, 0.001, -0.893
15:49:44.045, 0.070, -0.449, 0.001, -0.891
15:49:44.058, 0.070, -0.453, 0.001, -0.889
15:49:44.073, 0.071, -0.457, -0.001, -0.887
15:49:44.087, 0.073, -0.460, -0.001, -0.885
15:49:44.100, 0.074, -0.463, -0.001, -0.883
15:49:44.114, 0.075, -0.466, -0.001, -0.882
15:49:44.127, 0.075, -0.468, 0.000, -0.880
15:49:44.143, 0.075, -0.470, 0.001, -0.880
15:49:44.157, 0.076, -0.471, 0.002, -0.879
15:49:44.169, 0.077, -0.472, 0.003, -0.878
15:49:44.184, 0.078, -0.472, 0.004, -0.878
15:49:44.211, 0.079, -0.473, 0.006, -0.878
15:49:44.225, 0.080, -0.473, 0.007, -0.878
15:49:44.253, 0.082, -0.472, 0.007, -0.878
15:49:44.281, 0.082, -0.471, 0.009, -0.878
15:49:44.295, 0.082, -0.471, 0.010, -0.878
15:49:44.326, 0.082, -0.470, 0.012, -0.879
15:49:44.352, 0.085, -0.469, 0.012, -0.879
15:49:44.380, 0.086, -0.468, 0.013, -0.880
15:49:44.421, 0.087, -0.467, 0.011, -0.880
15:49:44.475, 0.086, -0.466, 0.011, -0.881
15:49:44.504, 0.086, -0.465, 0.010, -0.881
15:49:44.530, 0.087, -0.464, 0.009, -0.882
15:49:44.572, 0.087, -0.462, 0.008, -0.883
15:49:44.587, 0.087, -0.461, 0.008, -0.883
15:49:44.601, 0.087, -0.459, 0.007, -0.884
15:49:44.614, 0.087, -0.457, 0.007, -0.885
15:49:44.627, 0.087, -0.455, 0.007, -0.886
15:49:44.642, 0.087, -0.452, 0.008, -0.888
15:49:44.656, 0.088, -0.447, 0.008, -0.890
15:49:44.669, 0.088, -0.441, 0.009, -0.893
15:49:44.684, 0.089, -0.433, 0.010, -0.897
15:49:44.698, 0.089, -0.424, 0.010, -0.901
15:49:44.711, 0.089, -0.413, 0.011, -0.907
15:49:44.724, 0.088, -0.399, 0.011, -0.913
15:49:44.740, 0.087, -0.382, 0.011, -0.920
15:49:44.752, 0.085, -0.364, 0.013, -0.928
15:49:44.767, 0.084, -0.342, 0.016, -0.936
15:49:44.781, 0.081, -0.320, 0.019, -0.944
15:49:44.794, 0.076, -0.297, 0.022, -0.952
15:49:44.808, 0.070, -0.270, 0.022, -0.960
15:49:44.822, 0.065, -0.242, 0.023, -0.968
15:49:44.838, 0.061, -0.212, 0.025, -0.975
15:49:44.850, 0.058, -0.182, 0.029, -0.981
15:49:44.864, 0.056, -0.151, 0.035, -0.986
15:49:44.878, 0.055, -0.121, 0.041, -0.990
15:49:44.891, 0.054, -0.089, 0.046, -0.994
15:49:44.905, 0.056, -0.057, 0.051, -0.995
15:49:44.920, 0.058, -0.025, 0.056, -0.996
15:49:44.934, 0.062, 0.007, 0.060, -0.996
15:49:44.946, 0.065, 0.039, 0.063, -0.995
15:49:44.962, 0.066, 0.071, 0.066, -0.993
15:49:44.975, 0.068, 0.103, 0.066, -0.990
15:49:44.989, 0.070, 0.136, 0.068, -0.986
15:49:45.003, 0.073, 0.168, 0.070, -0.981
15:49:45.017, 0.075, 0.198, 0.071, -0.975
15:49:45.030, 0.078, 0.227, 0.072, -0.968
15:49:45.044, 0.080, 0.255, 0.072, -0.961
15:49:45.059, 0.083, 0.283, 0.071, -0.953
15:49:45.072, 0.087, 0.309, 0.071, -0.944
15:49:45.086, 0.090, 0.334, 0.070, -0.936
15:49:45.100, 0.093, 0.358, 0.068, -0.926
15:49:45.114, 0.096, 0.380, 0.063, -0.918
15:49:45.127, 0.098, 0.402, 0.057, -0.909
