Elapsed Time (s), Position (X), Position (Y), Position (Z)
60715.460, -288.564, 7.692, -146.823
60715.460, -288.563, 7.690, -146.823
60715.480, -288.563, 7.690, -146.821
60715.490, -288.564, 7.672, -146.820
60715.500, -288.564, 7.691, -146.818
60715.520, -288.564, 7.691, -146.816
60715.530, -288.564, 7.671, -146.813
60715.550, -288.565, 7.691, -146.809
60715.560, -288.564, 7.691, -146.807
60715.570, -288.564, 7.671, -146.803
60715.590, -288.564, 7.691, -146.798
60715.600, -288.565, 7.690, -146.794
60715.610, -288.565, 7.671, -146.789
60715.630, -288.565, 7.689, -146.783
60715.640, -288.565, 7.688, -146.777
60715.660, -288.565, 7.689, -146.770
60715.670, -288.566, 7.671, -146.763
60715.680, -288.565, 7.689, -146.756
60715.700, -288.566, 7.689, -146.749
60715.710, -288.566, 7.670, -146.740
60715.730, -288.567, 7.689, -146.730
60715.740, -288.568, 7.689, -146.726
60715.750, -288.567, 7.670, -146.723
60715.770, -288.567, 7.690, -146.719
60715.780, -288.567, 7.690, -146.717
60715.800, -288.567, 7.670, -146.714
60715.810, -288.567, 7.689, -146.712
60715.820, -288.568, 7.688, -146.710
60715.840, -288.567, 7.670, -146.709
60715.850, -288.568, 7.687, -146.707
60715.860, -288.568, 7.688, -146.706
60715.880, -288.567, 7.687, -146.705
60715.890, -288.568, 7.669, -146.704
60715.910, -288.567, 7.688, -146.703
60715.920, -288.567, 7.689, -146.701
60715.930, -288.568, 7.669, -146.700
60715.950, -288.568, 7.689, -146.698
60715.960, -288.568, 7.689, -146.696
60715.980, -288.568, 7.669, -146.695
60715.990, -288.568, 7.689, -146.680
60716.000, -288.568, 7.689, -146.666
60716.020, -288.569, 7.689, -146.649
60716.030, -288.570, 7.668, -146.632
60716.050, -288.570, 7.686, -146.615
60716.060, -288.570, 7.686, -146.598
60716.070, -288.571, 7.667, -146.578
60716.090, -288.572, 7.687, -146.558
60716.100, -288.573, 7.686, -146.538
60716.110, -288.573, 7.666, -146.516
60716.130, -288.574, 7.687, -146.494
60716.140, -288.575, 7.686, -146.472
60716.160, -288.575, 7.665, -146.447
60716.170, -288.576, 7.683, -146.424
60716.180, -288.577, 7.684, -146.399
60716.200, -288.578, 7.684, -146.373
60716.210, -288.579, 7.663, -146.347
60716.230, -288.580, 7.684, -146.319
60716.240, -288.580, 7.683, -146.293
60716.250, -288.581, 7.662, -146.263
60716.270, -288.582, 7.681, -146.234
60716.280, -288.583, 7.681, -146.205
60716.290, -288.584, 7.660, -146.166
60716.310, -288.585, 7.682, -146.140
60716.320, -288.586, 7.681, -146.112
60716.340, -288.587, 7.679, -146.078
60716.350, -288.588, 7.658, -146.043
60716.360, -288.589, 7.679, -146.010
60716.380, -288.590, 7.678, -145.976
60716.390, -288.592, 7.656, -145.938
60716.410, -288.593, 7.677, -145.901
60716.420, -288.594, 7.675, -145.867
60716.430, -288.595, 7.654, -145.827
60716.450, -288.597, 7.676, -145.789
60716.460, -288.598, 7.676, -145.751
60716.480, -288.599, 7.652, -145.710
60716.490, -288.600, 7.672, -145.669
60716.500, -288.602, 7.673, -145.630
60716.520, -288.603, 7.673, -145.586
60716.530, -288.604, 7.650, -145.543
60716.550, -288.606, 7.671, -145.500
60716.560, -288.606, 7.670, -145.459
60716.570, -288.608, 7.647, -145.411
60716.590, -288.610, 7.670, -145.365
60716.600, -288.611, 7.669, -145.321
60716.610, -288.613, 7.645, -145.274
60716.630, -288.614, 7.667, -145.224
60716.640, -288.616, 7.667, -145.180
60716.660, -288.617, 7.642, -145.130
60716.670, -288.619, 7.664, -145.080
60716.680, -288.621, 7.665, -145.033
60716.700, -288.623, 7.664, -144.981
60716.710, -288.624, 7.639, -144.929
60716.730, -288.625, 7.661, -144.876
60716.740, -288.627, 7.662, -144.828
60716.750, -288.629, 7.636, -144.772
60716.770, -288.630, 7.660, -144.718
60716.780, -288.632, 7.658, -144.665
60716.800, -288.634, 7.633, -144.609
60716.810, -288.636, 7.659, -144.552
60716.820, -288.637, 7.655, -144.497
60716.840, -288.639, 7.656, -144.440
60716.850, -288.641, 7.629, -144.381
60716.870, -288.643, 7.655, -144.323
60716.880, -288.644, 7.652, -144.266
60716.890, -288.647, 7.626, -144.207
60716.910, -288.649, 7.653, -144.145
60716.920, -288.650, 7.649, -144.087
60716.930, -288.653, 7.623, -144.023
60716.950, -288.655, 7.650, -143.962
60716.960, -288.657, 7.647, -143.902
60716.980, -288.658, 7.620, -143.836
60716.990, -288.660, 7.647, -143.773
60717.000, -288.662, 7.645, -143.711
60717.020, -288.664, 7.644, -143.644
60717.030, -288.667, 7.616, -143.577
60717.040, -288.669, 7.643, -143.511
60717.060, -288.671, 7.642, -143.448
60717.070, -288.673, 7.612, -143.380
60717.090, -288.675, 7.640, -143.311
60717.100, -288.677, 7.639, -143.246
60717.110, -288.680, 7.609, -143.173
60717.130, -288.682, 7.636, -143.104
60717.140, -288.685, 7.636, -143.019
60717.160, -288.686, 7.605, -142.963
60717.170, -288.689, 7.632, -142.893
60717.180, -288.690, 7.633, -142.826
60717.200, -288.693, 7.633, -142.750
60717.210, -288.695, 7.600, -142.675
60717.230, -288.698, 7.629, -142.602
60717.240, -288.700, 7.629, -142.529
60717.250, -288.702, 7.596, -142.454
60717.270, -288.705, 7.625, -142.378
60717.280, -288.707, 7.624, -142.307
60717.290, -288.710, 7.592, -142.226
60717.310, -288.712, 7.624, -142.148
60717.320, -288.715, 7.620, -142.075
60717.340, -288.717, 7.620, -141.993
60717.350, -288.720, 7.587, -141.915
60717.360, -288.722, 7.618, -141.838
60717.380, -288.725, 7.618, -141.758
60717.390, -288.727, 7.583, -141.676
60717.410, -288.730, 7.614, -141.595
60717.420, -288.732, 7.613, -141.517
60717.430, -288.735, 7.579, -141.433
60717.450, -288.738, 7.612, -141.351
60717.460, -288.740, 7.608, -141.271
60717.480, -288.743, 7.574, -141.184
60717.490, -288.745, 7.606, -141.100
60717.500, -288.748, 7.606, -141.019
60717.520, -288.751, 7.606, -140.929
60717.530, -288.754, 7.568, -140.844
60717.550, -288.757, 7.603, -140.758
60717.560, -288.758, 7.600, -140.675
60717.570, -288.762, 7.564, -140.585
60717.590, -288.765, 7.597, -140.499
60717.600, -288.767, 7.597, -140.414
60717.610, -288.770, 7.559, -140.320
60717.630, -288.773, 7.594, -140.233
60717.640, -288.776, 7.594, -140.144
60717.660, -288.779, 7.590, -140.051
60717.670, -288.782, 7.553, -139.961
60717.680, -288.785, 7.590, -139.873
60717.700, -288.788, 7.588, -139.785
60717.710, -288.790, 7.548, -139.688
60717.730, -288.793, 7.585, -139.597
60717.740, -288.799, 7.558, -139.497
60717.750, -288.799, 7.544, -139.408
60717.770, -288.809, 7.499, -139.245
60717.780, -288.807, 7.539, -139.225
60717.790, -288.808, 7.539, -139.125
60717.810, -288.815, 7.575, -139.031
60717.820, -288.814, 7.576, -138.942
60717.840, -288.821, 7.539, -138.835
60717.850, -288.820, 7.532, -138.743
60717.870, -288.860, 7.474, -138.653
60717.880, -288.827, 7.529, -138.553
60717.890, -288.830, 7.527, -138.448
60717.910, -288.834, 7.526, -138.349
60717.920, -288.837, 7.525, -138.256
60717.930, -288.839, 7.522, -138.152
60717.950, -288.844, 7.561, -138.054
60717.960, -288.847, 7.563, -137.957
60717.980, -288.850, 7.558, -137.852
60717.990, -288.853, 7.515, -137.727
60718.010, -288.856, 7.556, -137.648
60718.020, -288.860, 7.556, -137.538
60718.030, -288.862, 7.509, -137.432
60718.050, -288.866, 7.510, -137.327
60718.060, -288.861, 7.512, -137.226
60718.070, -288.872, 7.504, -137.125
60718.090, -288.875, 7.500, -137.026
60718.100, -288.878, 7.497, -136.929
60718.110, -288.882, 7.499, -136.818
60718.130, -288.895, 7.864, -136.353
60718.140, -288.930, 7.799, -136.258
60718.160, -288.886, 7.750, -136.155
60718.170, -288.895, 7.492, -136.396
60718.180, -288.970, 7.665, -136.114
60718.200, -288.984, 7.579, -136.122
60718.210, -288.905, 7.486, -136.073
60718.230, -288.909, 7.533, -135.966
60718.240, -288.912, 7.534, -135.862
60718.250, -288.916, 7.480, -135.747
60718.270, -288.919, 7.530, -135.635
60718.280, -288.923, 7.527, -135.532
60718.300, -288.926, 7.475, -135.419
60718.310, -288.930, 7.526, -135.307
60718.320, -288.933, 7.523, -135.201
60718.340, -288.937, 7.523, -135.085
60718.350, -288.940, 7.467, -134.972
60718.360, -288.944, 7.519, -134.862
60718.380, -288.947, 7.515, -134.753
60718.390, -288.951, 7.461, -134.635
60718.410, -288.955, 7.514, -134.524
60718.420, -288.958, 7.512, -134.409
60718.430, -288.962, 7.455, -134.295
60718.450, -288.966, 7.507, -134.176
60718.460, -288.969, 7.507, -134.068
60718.480, -288.973, 7.449, -133.949
60718.490, -288.977, 7.504, -133.831
60718.500, -288.980, 7.504, -133.726
60718.520, -288.984, 7.501, -133.603
60718.530, -288.988, 7.441, -133.484
60718.550, -288.992, 7.495, -133.361
60718.560, -288.995, 7.495, -133.253
60718.570, -288.999, 7.435, -133.129
60718.590, -289.003, 7.491, -133.016
60718.600, -289.006, 7.491, -132.901
60718.610, -289.010, 7.429, -132.780
60718.630, -289.014, 7.486, -132.657
60718.640, -289.018, 7.486, -132.543
60718.660, -289.021, 7.483, -132.419
60718.670, -289.026, 7.421, -132.297
60718.680, -289.030, 7.478, -132.178
60718.700, -289.033, 7.477, -132.063
60718.710, -289.037, 7.415, -131.938
60718.730, -289.040, 7.471, -131.817
60718.740, -289.044, 7.471, -131.701
60718.750, -289.049, 7.408, -131.573
60718.770, -289.052, 7.469, -131.447
60718.780, -289.056, 7.467, -131.330
60718.800, -289.060, 7.402, -131.204
60718.810, -289.064, 7.462, -131.078
60718.820, -289.068, 7.463, -130.961
60718.840, -289.073, 7.457, -130.801
60718.850, -289.076, 7.393, -130.710
60718.870, -289.081, 7.457, -130.570
60718.880, -289.085, 7.451, -130.449
60718.890, -289.088, 7.387, -130.318
60718.910, -289.093, 7.451, -130.194
60718.920, -289.097, 7.445, -130.078
60718.930, -289.100, 7.380, -129.952
60718.950, -289.104, 7.444, -129.827
60718.960, -289.108, 7.443, -129.706
60718.980, -289.112, 7.374, -129.574
60718.990, -289.117, 7.437, -129.448
60719.000, -289.120, 7.435, -129.323
60719.020, -289.125, 7.435, -129.192
60719.030, -289.128, 7.365, -129.065
60719.050, -289.132, 7.428, -128.939
60719.060, -289.137, 7.427, -128.816
60719.070, -289.140, 7.358, -128.684
60719.090, -289.145, 7.421, -128.553
60719.100, -289.149, 7.420, -128.427
60719.110, -289.153, 7.352, -128.291
60719.130, -289.157, 7.414, -128.163
60719.140, -289.162, 7.413, -128.038
60719.160, -289.165, 7.345, -127.901
60719.170, -289.170, 7.406, -127.774
60719.180, -289.173, 7.406, -127.645
60719.200, -289.179, 7.399, -127.511
60719.210, -289.182, 7.336, -127.376
60719.230, -289.187, 7.398, -127.248
60719.240, -289.191, 7.392, -127.119
60719.250, -289.195, 7.329, -126.980
60719.270, -289.200, 7.390, -126.851
60719.280, -289.204, 7.384, -126.722
60719.300, -289.207, 7.322, -126.591
60719.310, -289.211, 7.382, -126.451
60719.320, -289.217, 7.376, -126.328
60719.340, -289.221, 7.374, -126.188
60719.350, -289.224, 7.313, -126.050
60719.360, -289.229, 7.369, -125.918
60719.380, -289.234, 7.366, -125.784
60719.390, -289.237, 7.306, -125.652
60719.410, -289.242, 7.361, -125.516
60719.420, -289.245, 7.358, -125.388
60719.430, -289.250, 7.299, -125.249
60719.450, -289.255, 7.352, -125.109
60719.460, -289.258, 7.349, -124.982
60719.480, -289.263, 7.292, -124.845
60719.490, -289.268, 7.344, -124.703
60719.500, -289.271, 7.340, -124.576
60719.520, -289.276, 7.340, -124.428
60719.530, -289.280, 7.282, -124.293
60719.550, -289.285, 7.332, -124.160
60719.560, -289.289, 7.332, -124.028
60719.570, -289.293, 7.275, -123.887
60719.590, -289.298, 7.324, -123.746
60719.600, -289.302, 7.322, -123.613
60719.610, -289.306, 7.268, -123.472
60719.630, -289.311, 7.318, -123.336
60719.640, -289.315, 7.314, -123.203
60719.660, -289.319, 7.311, -123.059
60719.670, -289.324, 7.259, -122.920
60719.690, -289.330, 7.305, -122.748
60719.700, -289.333, 7.305, -122.645
60719.710, -289.338, 7.251, -122.486
60719.730, -289.342, 7.298, -122.348
60719.740, -289.346, 7.297, -122.217
60719.750, -289.351, 7.244, -122.073
60719.770, -289.355, 7.290, -121.939
60719.780, -289.360, 7.289, -121.805
60719.800, -289.364, 7.237, -121.661
60719.810, -289.369, 7.281, -121.524
60719.820, -289.372, 7.280, -121.393
60719.840, -289.378, 7.276, -121.240
60719.850, -289.381, 7.227, -121.107
60719.870, -289.386, 7.271, -120.968
60719.880, -289.390, 7.270, -120.832
60719.890, -289.395, 7.220, -120.682
60719.910, -289.399, 7.261, -120.548
60719.920, -289.404, 7.262, -120.410
60719.930, -289.408, 7.213, -120.256
60719.950, -289.412, 7.254, -120.119
60719.960, -289.417, 7.253, -119.987
60719.980, -289.421, 7.206, -119.849
60719.990, -289.426, 7.246, -119.701
60720.000, -289.430, 7.244, -119.561
60720.020, -289.436, 7.240, -119.410
60720.030, -289.440, 7.196, -119.268
60720.050, -289.444, 7.235, -119.130
60720.060, -289.449, 7.235, -118.993
60720.070, -289.453, 7.188, -118.847
60720.090, -289.458, 7.226, -118.705
60720.100, -289.462, 7.227, -118.568
60720.110, -289.467, 7.181, -118.421
60720.130, -289.471, 7.219, -118.280
60720.140, -289.476, 7.219, -118.141
60720.160, -289.481, 7.215, -117.994
60720.170, -289.485, 7.171, -117.849
60720.190, -289.490, 7.210, -117.708
60720.200, -289.494, 7.208, -117.569
60720.210, -289.499, 7.164, -117.419
60720.230, -289.503, 7.200, -117.271
60720.240, -289.507, 7.201, -117.139
60720.250, -289.512, 7.156, -116.990
60720.270, -289.516, 7.193, -116.846
60720.280, -289.521, 7.192, -116.707
60720.300, -289.526, 7.149, -116.563
60720.310, -289.531, 7.187, -116.414
60720.320, -289.535, 7.183, -116.275
60720.340, -289.540, 7.182, -116.126
60720.350, -289.544, 7.139, -115.982
60720.360, -289.549, 7.174, -115.838
60720.380, -289.553, 7.175, -115.701
60720.390, -289.558, 7.131, -115.553
60720.410, -289.563, 7.167, -115.408
60720.420, -289.567, 7.166, -115.267
60720.430, -289.572, 7.124, -115.118
60720.450, -289.576, 7.160, -114.964
60720.460, -289.581, 7.156, -114.834
60720.480, -289.586, 7.117, -114.685
60720.490, -289.590, 7.152, -114.539
60720.500, -289.594, 7.149, -114.400
60720.520, -289.599, 7.148, -114.253
60720.540, -289.605, 7.106, -114.077
60720.550, -289.609, 7.142, -113.958
60720.560, -289.613, 7.138, -113.805
60720.570, -289.618, 7.099, -113.657
60720.590, -289.623, 7.134, -113.515
60720.600, -289.626, 7.130, -113.382
60720.610, -289.632, 7.091, -113.233
60720.630, -289.637, 7.126, -113.091
60720.640, -289.640, 7.122, -112.948
60720.660, -289.646, 7.122, -112.803
60720.670, -289.650, 7.082, -112.661
60720.690, -289.654, 7.115, -112.517
60720.700, -289.659, 7.112, -112.376
60720.710, -289.664, 7.074, -112.231
60720.730, -289.668, 7.108, -112.084
60720.740, -289.673, 7.103, -111.943
60720.750, -289.678, 7.067, -111.794
60720.770, -289.682, 7.099, -111.654
60720.780, -289.687, 7.096, -111.511
60720.800, -289.692, 7.059, -111.357
60720.810, -289.696, 7.092, -111.213
60720.820, -289.700, 7.089, -111.079
60720.840, -289.704, 7.086, -110.931
60720.850, -289.710, 7.049, -110.783
60720.870, -289.714, 7.081, -110.639
60720.880, -289.718, 7.077, -110.496
60720.890, -289.724, 7.042, -110.351
60720.910, -289.728, 7.073, -110.208
60720.920, -289.733, 7.070, -110.064
60720.930, -289.738, 7.034, -109.906
60720.950, -289.742, 7.065, -109.766
60720.960, -289.746, 7.062, -109.631
60720.980, -289.751, 7.027, -109.482
60720.990, -289.755, 7.058, -109.341
60721.000, -289.760, 7.054, -109.199
60721.020, -289.764, 7.050, -109.049
60721.030, -289.769, 7.017, -108.907
60721.050, -289.774, 7.046, -108.762
60721.060, -289.777, 7.042, -108.622
60721.070, -289.783, 7.009, -108.472
60721.090, -289.788, 7.038, -108.328
60721.100, -289.793, 7.035, -108.190
60721.110, -289.797, 7.002, -108.041
60721.130, -289.801, 7.031, -107.896
60721.140, -289.807, 7.027, -107.757
60721.160, -289.810, 7.023, -107.607
60721.170, -289.815, 6.992, -107.465
60721.180, -289.820, 7.019, -107.320
60721.200, -289.823, 7.016, -107.182
60721.210, -289.829, 6.984, -107.036
60721.230, -289.833, 7.010, -106.890
60721.240, -289.838, 7.009, -106.749
60721.250, -289.843, 6.977, -106.607
60721.270, -289.847, 7.003, -106.466
60721.280, -289.851, 7.001, -106.325
60721.300, -289.856, 6.970, -106.176
60721.310, -289.860, 6.996, -106.034
60721.320, -289.865, 6.993, -105.893
60721.340, -289.874, 6.988, -105.748
60721.350, -289.875, 6.960, -105.604
60721.370, -289.881, 6.984, -105.429
60721.380, -289.884, 6.983, -105.323
60721.390, -289.889, 6.952, -105.160
60721.410, -289.893, 6.976, -105.017
60721.420, -289.897, 6.975, -104.884
60721.430, -289.902, 6.945, -104.739
60721.450, -289.909, 6.969, -104.602
60721.460, -289.911, 6.968, -104.464
60721.480, -289.915, 6.938, -104.325
60721.490, -289.926, 6.961, -104.182
60721.500, -289.924, 6.959, -104.047
60721.520, -289.941, 6.957, -103.901
60721.530, -289.933, 6.928, -103.763
60721.550, -289.942, 6.951, -103.621
60721.560, -289.955, 6.950, -103.486
60721.570, -289.946, 6.921, -103.344
60721.590, -289.964, 6.945, -103.198
60721.600, -289.973, 6.945, -103.059
60721.610, -289.960, 6.913, -102.919
60721.630, -289.979, 6.939, -102.776
60721.640, -289.986, 6.938, -102.641
60721.660, -289.973, 6.906, -102.503
60721.670, -289.995, 6.932, -102.356
60721.680, -290.000, 6.930, -102.223
60721.700, -290.002, 6.927, -102.080
60721.710, -289.991, 6.896, -101.946
60721.730, -290.013, 6.923, -101.796
60721.740, -290.015, 6.920, -101.663
60721.750, -290.004, 6.889, -101.526
60721.770, -290.026, 6.916, -101.385
60721.780, -290.027, 6.912, -101.253
60721.800, -290.017, 6.882, -101.115
60721.810, -290.039, 6.909, -100.970
60721.820, -290.041, 6.905, -100.837
60721.840, -290.037, 6.901, -100.700
60721.850, -290.035, 6.872, -100.554
60721.860, -290.050, 6.897, -100.426
60721.880, -290.048, 6.894, -100.293
60721.890, -290.048, 6.865, -100.153
60721.910, -290.055, 6.889, -100.010
60721.920, -290.061, 6.887, -99.879
60721.930, -290.061, 6.858, -99.742
60721.950, -290.066, 6.882, -99.603
60721.960, -290.077, 6.880, -99.471
60721.980, -290.074, 6.851, -99.330
60721.990, -290.079, 6.876, -99.194
60722.000, -290.090, 6.873, -99.064
60722.020, -290.090, 6.870, -98.919
60722.030, -290.091, 6.842, -98.792
60722.050, -290.096, 6.866, -98.660
60722.060, -290.108, 6.864, -98.524
60722.070, -290.104, 6.835, -98.390
60722.090, -290.108, 6.860, -98.254
60722.100, -290.121, 6.857, -98.122
60722.110, -290.117, 6.828, -97.986
60722.130, -290.121, 6.853, -97.853
60722.140, -290.126, 6.850, -97.724
60722.160, -290.130, 6.821, -97.583
60722.170, -290.133, 6.847, -97.455
60722.180, -290.138, 6.844, -97.327
60722.200, -290.142, 6.841, -97.187
60722.210, -290.147, 6.811, -97.025
60722.230, -290.151, 6.837, -96.920
60722.240, -290.155, 6.835, -96.772
60722.250, -290.160, 6.805, -96.643
60722.270, -290.164, 6.832, -96.514
60722.280, -290.167, 6.829, -96.396
60722.300, -290.172, 6.798, -96.263
60722.310, -290.176, 6.826, -96.135
60722.320, -290.179, 6.823, -96.011
60722.340, -290.183, 6.820, -95.877
60722.350, -290.188, 6.789, -95.747
60722.370, -290.192, 6.817, -95.618
60722.380, -290.195, 6.815, -95.496
60722.390, -290.200, 6.783, -95.364
60722.410, -290.204, 6.808, -95.231
60722.420, -290.207, 6.809, -95.112
60722.430, -290.212, 6.776, -94.980
60722.450, -290.216, 6.804, -94.851
60722.460, -290.220, 6.801, -94.724
60722.480, -290.225, 6.769, -94.595
60722.490, -290.228, 6.798, -94.470
60722.500, -290.232, 6.796, -94.348
60722.520, -290.237, 6.793, -94.216
60722.530, -290.241, 6.761, -94.090
60722.550, -290.244, 6.789, -93.965
60722.560, -290.249, 6.788, -93.842
60722.570, -290.253, 6.754, -93.718
60722.590, -290.256, 6.782, -93.592
60722.600, -290.260, 6.782, -93.467
60722.610, -290.264, 6.748, -93.343
60722.630, -290.268, 6.778, -93.218
60722.640, -290.272, 6.775, -93.095
60722.660, -290.276, 6.741, -92.970
60722.670, -290.280, 6.772, -92.846
60722.680, -290.285, 6.769, -92.724
60722.700, -290.287, 6.767, -92.601
60722.710, -290.292, 6.733, -92.481
60722.730, -290.295, 6.761, -92.358
60722.740, -290.300, 6.761, -92.236
60722.750, -290.304, 6.727, -92.114
60722.770, -290.307, 6.756, -91.991
60722.780, -290.311, 6.754, -91.879
60722.800, -290.315, 6.720, -91.754
60722.810, -290.318, 6.750, -91.637
60722.820, -290.323, 6.747, -91.517
60722.840, -290.326, 6.746, -91.392
60722.850, -290.330, 6.712, -91.278
60722.860, -290.334, 6.741, -91.157
60722.880, -290.337, 6.738, -91.046
60722.890, -290.341, 6.706, -90.925
60722.910, -290.345, 6.735, -90.809
60722.920, -290.348, 6.732, -90.692
60722.930, -290.353, 6.700, -90.575
60722.950, -290.356, 6.728, -90.455
60722.960, -290.360, 6.726, -90.343
60722.980, -290.364, 6.694, -90.225
60722.990, -290.368, 6.721, -90.110
60723.000, -290.370, 6.720, -89.997
60723.020, -290.374, 6.717, -89.880
60723.030, -290.378, 6.686, -89.766
60723.050, -290.382, 6.714, -89.650
60723.060, -290.386, 6.711, -89.507
60723.070, -290.389, 6.680, -89.419
60723.090, -290.393, 6.706, -89.297
60723.100, -290.397, 6.706, -89.192
60723.120, -290.400, 6.674, -89.076
60723.130, -290.403, 6.702, -88.966
60723.140, -290.407, 6.700, -88.864
60723.160, -290.410, 6.698, -88.749
60723.170, -290.414, 6.667, -88.641
60723.180, -290.418, 6.695, -88.531
60723.200, -290.420, 6.692, -88.426
60723.210, -290.424, 6.661, -88.317
60723.230, -290.427, 6.688, -88.206
60723.240, -290.432, 6.686, -88.102
60723.250, -290.435, 6.655, -87.991
60723.270, -290.437, 6.681, -87.883
60723.280, -290.441, 6.680, -87.782
60723.290, -290.445, 6.650, -87.670
60723.310, -290.448, 6.675, -87.564
60723.320, -290.453, 6.673, -87.462
60723.340, -290.455, 6.672, -87.355
60723.350, -290.458, 6.643, -87.248
60723.360, -290.461, 6.668, -87.142
60723.380, -290.465, 6.666, -87.044
60723.390, -290.468, 6.637, -86.936
60723.410, -290.472, 6.662, -86.830
60723.420, -290.474, 6.661, -86.734
60723.430, -290.478, 6.632, -86.628
60723.450, -290.481, 6.658, -86.524
60723.460, -290.484, 6.656, -86.428
60723.480, -290.488, 6.627, -86.324
60723.490, -290.491, 6.652, -86.218
60723.500, -290.494, 6.650, -86.121
60723.520, -290.498, 6.648, -86.019
60723.530, -290.501, 6.620, -85.921
60723.550, -290.511, 6.644, -85.823
60723.560, -290.507, 6.642, -85.727
60723.570, -290.510, 6.615, -85.626
60723.590, -290.514, 6.639, -85.527
60723.600, -290.516, 6.638, -85.436
60723.610, -290.519, 6.610, -85.334
60723.630, -290.523, 6.634, -85.238
60723.640, -290.525, 6.633, -85.146
60723.660, -290.528, 6.605, -85.046
60723.670, -290.531, 6.630, -84.952
60723.680, -290.534, 6.629, -84.862
60723.700, -290.537, 6.627, -84.764
60723.710, -290.540, 6.598, -84.671
60723.730, -290.543, 6.623, -84.579
60723.740, -290.548, 6.621, -84.489
60723.750, -290.549, 6.593, -84.395
60723.770, -290.557, 6.617, -84.301
60723.780, -290.560, 6.616, -84.217
60723.800, -290.558, 6.589, -84.120
60723.810, -290.561, 6.614, -84.031
60723.820, -290.563, 6.612, -83.944
60723.840, -290.566, 6.611, -83.854
60723.850, -290.569, 6.582, -83.765
60723.860, -290.577, 6.606, -83.675
60723.880, -290.585, 6.606, -83.590
60723.890, -290.578, 6.578, -83.501
60723.910, -290.583, 6.602, -83.397
60723.920, -290.583, 6.601, -83.334
60723.930, -290.586, 6.573, -83.234
60723.950, -290.589, 6.598, -83.148
60723.960, -290.596, 6.596, -83.072
60723.980, -290.607, 6.595, -82.982
60723.990, -290.597, 6.567, -82.902
60724.000, -290.599, 6.593, -82.821
60724.020, -290.602, 6.592, -82.741
60724.030, -290.604, 6.563, -82.660
60724.050, -290.620, 6.588, -82.578
60724.060, -290.612, 6.587, -82.500
60724.070, -290.612, 6.559, -82.419
60724.090, -290.615, 6.585, -82.340
60724.100, -290.618, 6.583, -82.262
60724.110, -290.620, 6.555, -82.180
60724.130, -290.622, 6.580, -82.105
60724.140, -290.625, 6.580, -82.030
60724.160, -290.627, 6.551, -81.949
60724.170, -290.630, 6.576, -81.874
60724.180, -290.631, 6.575, -81.801
60724.200, -290.634, 6.575, -81.723
60724.210, -290.636, 6.546, -81.648
60724.230, -290.648, 6.571, -81.574
60724.240, -290.641, 6.570, -81.505
60724.250, -290.643, 6.542, -81.429
60724.270, -290.646, 6.568, -81.356
60724.280, -290.647, 6.566, -81.287
60724.300, -290.650, 6.538, -81.214
60724.310, -290.653, 6.565, -81.140
60724.320, -290.654, 6.563, -81.073
60724.340, -290.656, 6.561, -80.999
60724.350, -290.659, 6.533, -80.932
60724.360, -290.661, 6.560, -80.863
60724.380, -290.664, 6.558, -80.797
60724.390, -290.666, 6.530, -80.731
60724.410, -290.667, 6.557, -80.663
60724.420, -290.670, 6.555, -80.600
60724.430, -290.672, 6.527, -80.532
60724.450, -290.674, 6.554, -80.465
60724.460, -290.675, 6.551, -80.405
60724.480, -290.678, 6.523, -80.337
60724.490, -290.679, 6.551, -80.274
60724.500, -290.681, 6.549, -80.215
60724.520, -290.684, 6.549, -80.151
60724.530, -290.686, 6.519, -80.090
60724.550, -290.687, 6.546, -80.029
60724.560, -290.690, 6.546, -79.972
60724.570, -290.692, 6.516, -79.911
60724.590, -290.693, 6.543, -79.851
60724.600, -290.696, 6.543, -79.793
60724.610, -290.697, 6.513, -79.734
60724.630, -290.699, 6.541, -79.676
60724.640, -290.700, 6.539, -79.623
60724.660, -290.703, 6.540, -79.565
60724.670, -290.704, 6.509, -79.510
60724.680, -290.707, 6.537, -79.457
60724.700, -290.708, 6.537, -79.404
60724.710, -290.710, 6.506, -79.351
60724.730, -290.711, 6.536, -79.297
60724.740, -290.712, 6.534, -79.247
60724.750, -290.715, 6.503, -79.182
60724.770, -290.715, 6.534, -79.142
60724.790, -290.718, 6.532, -79.088
60724.800, -290.720, 6.531, -79.037
60724.810, -290.721, 6.500, -78.990
60724.820, -290.722, 6.531, -78.944
60724.840, -290.723, 6.529, -78.899
60724.850, -290.725, 6.498, -78.853
60724.870, -290.727, 6.528, -78.807
60724.880, -290.728, 6.528, -78.762
60724.890, -290.730, 6.495, -78.718
60724.910, -290.731, 6.525, -78.672
60724.920, -290.733, 6.524, -78.633
60724.930, -290.734, 6.493, -78.589
60724.950, -290.734, 6.524, -78.547
60724.960, -290.735, 6.522, -78.508
60724.980, -290.738, 6.491, -78.465
60724.990, -290.738, 6.521, -78.425
60725.000, -290.739, 6.522, -78.388
60725.020, -290.742, 6.520, -78.348
60725.030, -290.743, 6.488, -78.310
60725.050, -290.744, 6.518, -78.274
60725.060, -290.744, 6.519, -78.239
60725.070, -290.746, 6.486, -78.202
60725.090, -290.746, 6.517, -78.165
60725.100, -290.749, 6.515, -78.133
60725.110, -290.749, 6.485, -78.099
60725.130, -290.750, 6.517, -78.066
60725.140, -290.752, 6.516, -78.033
60725.160, -290.752, 6.483, -78.002
60725.170, -290.754, 6.514, -77.971
60725.180, -290.755, 6.513, -77.941
60725.200, -290.755, 6.514, -77.912
60725.210, -290.756, 6.481, -77.882
60725.230, -290.757, 6.513, -77.855
60725.240, -290.757, 6.512, -77.829
60725.250, -290.759, 6.479, -77.803
60725.270, -290.760, 6.510, -77.776
60725.280, -290.760, 6.512, -77.752
60725.300, -290.761, 6.478, -77.728
60725.310, -290.762, 6.510, -77.703
60725.320, -290.762, 6.510, -77.682
60725.340, -290.764, 6.508, -77.658
60725.350, -290.764, 6.477, -77.638
60725.360, -290.765, 6.509, -77.616
60725.380, -290.764, 6.510, -77.598
60725.390, -290.766, 6.476, -77.578
60725.410, -290.766, 6.508, -77.560
60725.420, -290.766, 6.507, -77.544
60725.430, -290.768, 6.475, -77.527
60725.450, -290.769, 6.506, -77.510
60725.460, -290.769, 6.508, -77.495
60725.480, -290.769, 6.508, -77.479
60725.490, -290.769, 6.474, -77.467
60725.500, -290.769, 6.506, -77.454
60725.520, -290.769, 6.506, -77.442
60725.530, -290.771, 6.473, -77.430
60725.550, -290.771, 6.505, -77.419
60725.560, -290.772, 6.505, -77.410
60725.570, -290.772, 6.505, -77.400
60725.590, -290.772, 6.472, -77.391
60725.610, -290.771, 6.506, -77.384
60725.620, -290.771, 6.505, -77.378
60725.630, -290.772, 6.472, -77.372
60725.640, -290.772, 6.505, -77.366
60725.660, -290.773, 6.504, -77.362
60725.670, -290.773, 6.472, -77.359
60725.680, -290.773, 6.504, -77.356
60725.700, -290.773, 6.505, -77.354
60725.710, -290.773, 6.472, -77.353
60725.730, -290.773, 6.506, -77.352
60725.740, -290.772, 6.505, -77.353
60725.750, -290.773, 6.472, -77.353
60725.770, -290.772, 6.505, -77.353
60725.780, -290.773, 6.504, -77.352
60725.800, -290.773, 6.472, -77.353
60725.810, -290.774, 6.504, -77.352
60725.820, -290.772, 6.505, -77.353
60725.840, -290.772, 6.505, -77.353
60725.850, -290.773, 6.472, -77.353
60725.870, -290.772, 6.506, -77.353
60725.880, -290.773, 6.505, -77.353
60725.890, -290.773, 6.472, -77.353
60725.910, -290.773, 6.505, -77.352
60725.920, -290.773, 6.504, -77.352
60725.930, -290.773, 6.472, -77.353
60725.950, -290.774, 6.504, -77.352
60725.960, -290.773, 6.505, -77.352
60725.980, -290.773, 6.472, -77.353
60725.990, -290.772, 6.506, -77.353
60726.000, -290.773, 6.505, -77.352
60726.020, -290.772, 6.505, -77.353
60726.030, -290.773, 6.472, -77.353
60726.050, -290.772, 6.504, -77.353
60726.060, -290.772, 6.504, -77.353
60726.070, -290.773, 6.472, -77.353
60726.090, -290.774, 6.504, -77.352
60726.100, -290.774, 6.504, -77.352
60726.110, -290.773, 6.472, -77.353
60726.130, -290.772, 6.506, -77.353
60726.140, -290.773, 6.506, -77.352
60726.160, -290.773, 6.506, -77.352
60726.170, -290.773, 6.472, -77.353
60726.180, -290.773, 6.505, -77.353
60726.200, -290.773, 6.505, -77.352
60726.210, -290.773, 6.472, -77.353
60726.230, -290.773, 6.504, -77.352
60726.240, -290.774, 6.504, -77.352
60726.250, -290.773, 6.472, -77.353
60726.270, -290.772, 6.506, -77.353
60726.280, -290.772, 6.506, -77.353
60726.300, -290.773, 6.472, -77.353
60726.310, -290.772, 6.505, -77.353
60726.320, -290.772, 6.505, -77.353
60726.340, -290.772, 6.505, -77.353
60726.350, -290.773, 6.472, -77.353
60726.370, -290.773, 6.504, -77.352
60726.380, -290.774, 6.504, -77.352
60726.390, -290.773, 6.472, -77.353
60726.410, -290.772, 6.505, -77.353
60726.420, -290.773, 6.506, -77.352
60726.430, -290.773, 6.472, -77.353
60726.450, -290.773, 6.505, -77.353
60726.460, -290.773, 6.505, -77.352
60726.480, -290.773, 6.505, -77.352
60726.490, -290.773, 6.472, -77.353
60726.500, -290.773, 6.504, -77.352
60726.520, -290.774, 6.503, -77.352
60726.530, -290.773, 6.472, -77.353
60726.550, -290.773, 6.504, -77.352
60726.560, -290.772, 6.506, -77.353
60726.570, -290.773, 6.472, -77.353
60726.590, -290.772, 6.505, -77.353
60726.600, -290.772, 6.505, -77.353
60726.610, -290.773, 6.472, -77.353
60726.630, -290.772, 6.505, -77.353
60726.640, -290.774, 6.503, -77.352
60726.660, -290.774, 6.503, -77.352
60726.670, -290.773, 6.472, -77.353
60726.680, -290.774, 6.504, -77.352
60726.700, -290.772, 6.506, -77.353
60726.710, -290.773, 6.472, -77.353
60726.730, -290.772, 6.505, -77.353
60726.740, -290.773, 6.505, -77.353
60726.750, -290.773, 6.472, -77.353
60726.770, -290.773, 6.505, -77.352
60726.780, -290.774, 6.503, -77.352
60726.790, -290.773, 6.472, -77.353
60726.810, -290.774, 6.504, -77.352
60726.820, -290.772, 6.506, -77.353
60726.840, -290.772, 6.506, -77.353
60726.850, -290.773, 6.472, -77.353
60726.860, -290.772, 6.505, -77.353
60726.880, -290.772, 6.505, -77.353
60726.890, -290.773, 6.472, -77.353
60726.910, -290.772, 6.505, -77.353
60726.920, -290.774, 6.503, -77.352
60726.930, -290.773, 6.472, -77.353
60726.950, -290.774, 6.504, -77.352
60726.960, -290.772, 6.505, -77.353
60726.980, -290.773, 6.472, -77.353
60726.990, -290.772, 6.506, -77.353
60727.000, -290.773, 6.505, -77.353
60727.020, -290.773, 6.505, -77.353
60727.030, -290.773, 6.472, -77.353
60727.040, -290.773, 6.505, -77.352
60727.060, -290.773, 6.504, -77.352
60727.070, -290.773, 6.472, -77.353
60727.090, -290.774, 6.503, -77.352
60727.100, -290.773, 6.505, -77.352
60727.110, -290.773, 6.472, -77.353
60727.130, -290.772, 6.506, -77.353
60727.140, -290.772, 6.505, -77.353
60727.160, -290.773, 6.472, -77.353
60727.170, -290.773, 6.505, -77.352
60727.180, -290.772, 6.504, -77.353
60727.200, -290.772, 6.504, -77.353
60727.210, -290.773, 6.472, -77.353
60727.230, -290.774, 6.504, -77.352
60727.240, -290.773, 6.505, -77.352
60727.250, -290.773, 6.472, -77.353
60727.270, -290.773, 6.506, -77.352
60727.280, -290.773, 6.505, -77.352
60727.290, -290.773, 6.472, -77.353
60727.310, -290.772, 6.505, -77.353
60727.320, -290.772, 6.505, -77.353
60727.340, -290.772, 6.505, -77.353
60727.350, -290.773, 6.472, -77.353
60727.360, -290.773, 6.504, -77.352
60727.380, -290.774, 6.504, -77.352
60727.390, -290.773, 6.472, -77.353
60727.410, -290.772, 6.506, -77.353
60727.420, -290.772, 6.505, -77.353
60727.430, -290.773, 6.472, -77.353
60727.450, -290.772, 6.505, -77.353
60727.460, -290.772, 6.505, -77.353
60727.480, -290.773, 6.472, -77.353
60727.490, -290.773, 6.504, -77.352
60727.500, -290.774, 6.504, -77.352
60727.520, -290.774, 6.504, -77.352
60727.530, -290.773, 6.472, -77.353
60727.550, -290.773, 6.505, -77.352
60727.560, -290.773, 6.506, -77.352
60727.570, -290.773, 6.472, -77.353
60727.590, -290.772, 6.505, -77.353
60727.600, -290.773, 6.505, -77.352
60727.610, -290.773, 6.472, -77.353
60727.630, -290.773, 6.504, -77.352
60727.640, -290.774, 6.504, -77.352
60727.660, -290.773, 6.472, -77.353
60727.670, -290.773, 6.505, -77.352
60727.680, -290.772, 6.506, -77.353
60727.700, -290.772, 6.506, -77.353
60727.710, -290.773, 6.472, -77.353
60727.730, -290.772, 6.505, -77.353
60727.740, -290.772, 6.504, -77.353
60727.750, -290.773, 6.472, -77.353
60727.770, -290.772, 6.504, -77.353
60727.780, -290.774, 6.504, -77.352
60727.790, -290.773, 6.472, -77.353
60727.810, -290.774, 6.504, -77.352
60727.820, -290.773, 6.506, -77.352
60727.840, -290.773, 6.506, -77.352
60727.850, -290.773, 6.472, -77.353
60727.860, -290.773, 6.505, -77.352
60727.880, -290.772, 6.505, -77.353
60727.890, -290.773, 6.472, -77.353
60727.910, -290.772, 6.505, -77.353
60727.920, -290.773, 6.504, -77.352
60727.930, -290.773, 6.472, -77.353
60727.950, -290.774, 6.504, -77.352
60727.960, -290.772, 6.506, -77.353
60727.980, -290.772, 6.506, -77.353
60727.990, -290.773, 6.472, -77.353
60728.000, -290.773, 6.506, -77.352
60728.020, -290.773, 6.505, -77.353
60728.030, -290.773, 6.472, -77.353
60728.050, -290.773, 6.505, -77.352
60728.060, -290.773, 6.504, -77.352
60728.070, -290.773, 6.472, -77.353
60728.090, -290.774, 6.504, -77.352
60728.100, -290.772, 6.505, -77.353
60728.110, -290.772, 6.505, -77.353
60728.130, -290.773, 6.472, -77.353
60728.140, -290.772, 6.506, -77.353
60728.160, -290.772, 6.505, -77.353
60728.170, -290.773, 6.472, -77.353
60728.190, -290.772, 6.505, -77.353
60728.200, -290.773, 6.504, -77.352
60728.210, -290.773, 6.472, -77.353
60728.230, -290.774, 6.504, -77.352
60728.240, -290.772, 6.505, -77.353
60728.250, -290.773, 6.472, -77.353
60728.270, -290.772, 6.506, -77.353
60728.280, -290.773, 6.505, -77.353
60728.300, -290.773, 6.472, -77.353
60728.310, -290.773, 6.505, -77.352
60728.320, -290.773, 6.504, -77.352
60728.340, -290.773, 6.504, -77.352
60728.350, -290.773, 6.472, -77.353
60728.370, -290.774, 6.504, -77.352
60728.380, -290.773, 6.505, -77.352
60728.390, -290.773, 6.472, -77.353
60728.410, -290.772, 6.506, -77.353
60728.420, -290.772, 6.505, -77.353
60728.430, -290.773, 6.472, -77.353
60728.450, -290.772, 6.505, -77.353
60728.460, -290.772, 6.505, -77.353
60728.480, -290.773, 6.472, -77.353
60728.490, -290.773, 6.504, -77.352
60728.500, -290.774, 6.504, -77.352
60728.520, -290.774, 6.504, -77.352
60728.530, -290.773, 6.472, -77.353
60728.550, -290.773, 6.506, -77.352
60728.560, -290.773, 6.506, -77.352
60728.570, -290.773, 6.472, -77.353
60728.590, -290.773, 6.505, -77.353
60728.600, -290.773, 6.505, -77.352
60728.610, -290.773, 6.472, -77.353
60728.630, -290.774, 6.503, -77.352
60728.640, -290.774, 6.504, -77.352
60728.660, -290.774, 6.504, -77.352
60728.670, -290.773, 6.472, -77.353
60728.680, -290.772, 6.505, -77.353
60728.700, -290.772, 6.506, -77.353
60728.710, -290.773, 6.472, -77.353
60728.730, -290.772, 6.505, -77.353
60728.740, -290.772, 6.505, -77.353
60728.750, -290.773, 6.472, -77.353
60728.770, -290.773, 6.504, -77.352
60728.780, -290.774, 6.503, -77.352
60728.800, -290.773, 6.472, -77.353
60728.810, -290.773, 6.505, -77.352
60728.820, -290.772, 6.506, -77.353
60728.840, -290.772, 6.506, -77.353
60728.850, -290.773, 6.472, -77.353
60728.860, -290.773, 6.506, -77.353
60728.880, -290.773, 6.505, -77.352
60728.890, -290.773, 6.472, -77.353
60728.910, -290.773, 6.505, -77.352
60728.920, -290.774, 6.503, -77.352
60728.930, -290.773, 6.472, -77.353
60728.950, -290.774, 6.504, -77.352
60728.960, -290.772, 6.506, -77.353
60728.980, -290.773, 6.472, -77.353
60728.990, -290.772, 6.505, -77.353
60729.000, -290.772, 6.505, -77.353
60729.020, -290.772, 6.505, -77.353
60729.030, -290.773, 6.472, -77.353
60729.050, -290.772, 6.505, -77.353
60729.060, -290.774, 6.503, -77.352
60729.070, -290.773, 6.472, -77.353
60729.090, -290.774, 6.504, -77.352
60729.100, -290.772, 6.506, -77.353
60729.110, -290.773, 6.472, -77.353
60729.130, -290.772, 6.505, -77.353
60729.140, -290.773, 6.505, -77.353
60729.160, -290.773, 6.472, -77.353
60729.170, -290.773, 6.505, -77.352
60729.180, -290.774, 6.503, -77.352
60729.200, -290.774, 6.503, -77.352
60729.210, -290.773, 6.472, -77.353
60729.230, -290.774, 6.504, -77.352
60729.240, -290.772, 6.505, -77.353
60729.250, -290.773, 6.472, -77.353
60729.270, -290.772, 6.506, -77.353
60729.280, -290.772, 6.505, -77.353
60729.300, -290.773, 6.472, -77.353
60729.310, -290.772, 6.505, -77.353
60729.320, -290.773, 6.504, -77.352
60729.340, -290.773, 6.504, -77.352
60729.350, -290.773, 6.472, -77.353
60729.360, -290.774, 6.504, -77.352
60729.380, -290.773, 6.505, -77.352
60729.390, -290.773, 6.472, -77.353
60729.410, -290.773, 6.506, -77.352
60729.420, -290.772, 6.505, -77.353
60729.430, -290.773, 6.472, -77.353
60729.450, -290.773, 6.505, -77.352
60729.460, -290.772, 6.504, -77.353
60729.480, -290.773, 6.472, -77.353
60729.490, -290.774, 6.504, -77.352
60729.500, -290.773, 6.505, -77.352
60729.520, -290.773, 6.505, -77.352
60729.530, -290.773, 6.472, -77.353
60729.550, -290.772, 6.506, -77.353
60729.560, -290.772, 6.505, -77.353
60729.570, -290.773, 6.472, -77.353
60729.590, -290.772, 6.505, -77.353
60729.600, -290.772, 6.505, -77.353
60729.610, -290.773, 6.472, -77.353
60729.630, -290.774, 6.504, -77.352
60729.640, -290.774, 6.504, -77.352
60729.660, -290.774, 6.504, -77.352
60729.670, -290.773, 6.472, -77.353
60729.680, -290.773, 6.506, -77.352
60729.700, -290.773, 6.506, -77.352
60729.710, -290.773, 6.472, -77.353
60729.730, -290.772, 6.505, -77.353
60729.740, -290.772, 6.505, -77.353
60729.750, -290.773, 6.472, -77.353
60729.770, -290.773, 6.504, -77.352
60729.780, -290.774, 6.504, -77.352
60729.800, -290.774, 6.504, -77.352
60729.810, -290.773, 6.472, -77.353
60729.820, -290.772, 6.505, -77.353
60729.840, -290.772, 6.506, -77.353
60729.850, -290.773, 6.472, -77.353
60729.870, -290.772, 6.505, -77.353
60729.880, -290.772, 6.504, -77.353
60729.890, -290.773, 6.472, -77.353
60729.910, -290.773, 6.504, -77.352
60729.920, -290.774, 6.504, -77.352
60729.930, -290.773, 6.472, -77.353
60729.950, -290.773, 6.505, -77.352
60729.960, -290.773, 6.506, -77.352
60729.980, -290.773, 6.472, -77.353
60729.990, -290.772, 6.505, -77.353
60730.000, -290.772, 6.504, -77.353
60730.020, -290.772, 6.504, -77.353
60730.030, -290.773, 6.472, -77.353
60730.050, -290.772, 6.504, -77.353
60730.060, -290.774, 6.504, -77.352
60730.070, -290.773, 6.472, -77.353
60730.090, -290.774, 6.504, -77.352
60730.100, -290.772, 6.506, -77.353
60730.110, -290.773, 6.472, -77.353
60730.130, -290.773, 6.505, -77.353
60730.140, -290.773, 6.505, -77.353
60730.160, -290.773, 6.505, -77.353
60730.170, -290.773, 6.472, -77.353
60730.180, -290.773, 6.505, -77.352
60730.200, -290.773, 6.504, -77.352
60730.210, -290.773, 6.472, -77.353
60730.230, -290.774, 6.504, -77.352
60730.240, -290.772, 6.506, -77.353
60730.250, -290.773, 6.472, -77.353
60730.270, -290.773, 6.506, -77.352
60730.280, -290.772, 6.505, -77.353
60730.300, -290.773, 6.472, -77.353
60730.310, -290.772, 6.505, -77.353
60730.320, -290.773, 6.504, -77.352
60730.340, -290.773, 6.504, -77.352
60730.350, -290.773, 6.472, -77.353
60730.370, -290.774, 6.504, -77.352
60730.380, -290.772, 6.505, -77.353
60730.390, -290.773, 6.472, -77.353
60730.410, -290.772, 6.506, -77.353
60730.420, -290.773, 6.505, -77.353
60730.430, -290.773, 6.472, -77.353
60730.450, -290.773, 6.505, -77.352
60730.460, -290.773, 6.504, -77.352
60730.480, -290.773, 6.472, -77.353
60730.490, -290.774, 6.504, -77.352
60730.500, -290.772, 6.505, -77.353
60730.520, -290.772, 6.505, -77.353
60730.530, -290.773, 6.472, -77.353
60730.550, -290.772, 6.506, -77.353
60730.560, -290.772, 6.505, -77.353
60730.570, -290.773, 6.472, -77.353
60730.590, -290.773, 6.505, -77.352
60730.600, -290.773, 6.504, -77.352
60730.620, -290.773, 6.472, -77.353
60730.630, -290.774, 6.504, -77.352
60730.640, -290.773, 6.505, -77.352
60730.660, -290.773, 6.505, -77.352
60730.670, -290.773, 6.472, -77.353
60730.690, -290.773, 6.506, -77.352
60730.700, -290.773, 6.505, -77.353
60730.710, -290.773, 6.472, -77.353
60730.730, -290.774, 6.505, -77.350
60730.740, -290.773, 6.505, -77.346
60730.750, -290.773, 6.471, -77.340
60730.770, -290.774, 6.503, -77.330
60730.780, -290.775, 6.504, -77.319
60730.800, -290.775, 6.471, -77.306
60730.810, -290.774, 6.505, -77.289
60730.820, -290.775, 6.504, -77.271
60730.840, -290.775, 6.503, -77.250
60730.850, -290.777, 6.470, -77.227
60730.870, -290.778, 6.501, -77.201
60730.880, -290.779, 6.502, -77.175
60730.890, -290.780, 6.468, -77.144
60730.910, -290.780, 6.502, -77.111
60730.920, -290.782, 6.500, -77.077
60730.930, -290.783, 6.467, -77.039
60730.950, -290.785, 6.499, -77.000
60730.960, -290.785, 6.500, -76.961
60730.980, -290.787, 6.465, -76.915
60730.990, -290.787, 6.497, -76.868
60731.000, -290.790, 6.496, -76.822
60731.020, -290.791, 6.498, -76.771
60731.030, -290.793, 6.462, -76.718
60731.050, -290.795, 6.494, -76.661
60731.060, -290.797, 6.493, -76.607
60731.070, -290.799, 6.459, -76.547
60731.090, -290.799, 6.492, -76.485
60731.100, -290.803, 6.490, -76.425
60731.110, -290.804, 6.456, -76.357
60731.130, -290.806, 6.489, -76.288
60731.140, -290.809, 6.487, -76.222
60731.160, -290.811, 6.453, -76.150
60731.170, -290.812, 6.486, -76.074
60731.180, -290.816, 6.485, -75.999
60731.200, -290.817, 6.484, -75.920
60731.210, -290.821, 6.448, -75.837
60731.230, -290.823, 6.483, -75.756
60731.240, -290.826, 6.480, -75.676
60731.250, -290.829, 6.444, -75.586
60731.270, -290.832, 6.478, -75.497
60731.280, -290.835, 6.476, -75.410
60731.290, -290.837, 6.440, -75.314
60731.310, -290.841, 6.474, -75.219
60731.320, -290.844, 6.474, -75.128
60731.340, -290.847, 6.471, -75.022
60731.350, -290.850, 6.434, -74.924
60731.360, -290.854, 6.468, -74.820
60731.380, -290.856, 6.470, -74.721
60731.390, -290.860, 6.429, -74.611
60731.410, -290.863, 6.467, -74.504
60731.420, -290.867, 6.463, -74.396
60731.430, -290.870, 6.424, -74.283
60731.450, -290.874, 6.461, -74.164
60731.460, -290.877, 6.461, -74.057
60731.480, -290.881, 6.418, -73.935
60731.490, -290.885, 6.457, -73.812
60731.500, -290.890, 6.457, -73.665
60731.520, -290.893, 6.455, -73.568
60731.530, -290.897, 6.411, -73.429
60731.550, -290.901, 6.453, -73.295
60731.560, -290.905, 6.449, -73.181
60731.570, -290.909, 6.405, -73.052
60731.590, -290.913, 6.448, -72.921
60731.600, -290.917, 6.445, -72.792
60731.610, -290.921, 6.399, -72.655
60731.630, -290.926, 6.443, -72.515
60731.640, -290.930, 6.441, -72.379
60731.660, -290.935, 6.441, -72.236
60731.670, -290.939, 6.391, -72.095
60731.680, -290.944, 6.435, -71.950
60731.700, -290.948, 6.436, -71.808
60731.710, -290.953, 6.384, -71.659
60731.730, -290.958, 6.431, -71.511
60731.740, -290.962, 6.430, -71.367
60731.750, -290.967, 6.377, -71.204
60731.770, -290.972, 6.428, -71.052
60731.780, -290.977, 6.424, -70.903
60731.790, -290.982, 6.370, -70.740
60731.810, -290.987, 6.422, -70.580
60731.820, -290.992, 6.421, -70.425
60731.840, -290.997, 6.418, -70.258
60731.850, -291.002, 6.360, -70.089
60731.860, -291.008, 6.414, -69.925
60731.880, -291.013, 6.413, -69.763
60731.890, -291.018, 6.353, -69.586
60731.910, -291.024, 6.410, -69.414
60731.920, -291.029, 6.407, -69.253
60731.930, -291.034, 6.345, -69.076
60731.950, -291.040, 6.403, -68.895
60731.960, -291.046, 6.401, -68.727
60731.980, -291.051, 6.338, -68.541
60731.990, -291.057, 6.398, -68.356
60732.000, -291.062, 6.397, -68.184
60732.020, -291.069, 6.394, -67.997
60732.030, -291.074, 6.327, -67.817
60732.050, -291.081, 6.388, -67.627
60732.060, -291.086, 6.386, -67.447
60732.070, -291.092, 6.319, -67.249
60732.090, -291.098, 6.382, -67.062
60732.100, -291.104, 6.380, -66.871
60732.110, -291.110, 6.310, -66.680
60732.130, -291.116, 6.375, -66.485
60732.140, -291.122, 6.372, -66.295
60732.160, -291.129, 6.369, -66.086
60732.170, -291.135, 6.299, -65.892
60732.180, -291.141, 6.364, -65.691
60732.200, -291.147, 6.360, -65.494
60732.210, -291.154, 6.290, -65.286
60732.230, -291.160, 6.354, -65.086
60732.240, -291.167, 6.352, -64.889
60732.250, -291.173, 6.281, -64.675
60732.270, -291.180, 6.345, -64.467
60732.280, -291.186, 6.341, -64.270
60732.300, -291.193, 6.272, -64.046
60732.310, -291.199, 6.334, -63.836
60732.320, -291.206, 6.330, -63.636
60732.340, -291.214, 6.326, -63.363
60732.350, -291.220, 6.260, -63.194
60732.370, -291.228, 6.318, -62.953
60732.380, -291.234, 6.314, -62.744
60732.390, -291.241, 6.250, -62.521
60732.410, -291.248, 6.307, -62.309
60732.420, -291.255, 6.304, -62.097
60732.430, -291.262, 6.241, -61.870
60732.450, -291.268, 6.299, -61.654
60732.460, -291.275, 6.295, -61.439
60732.480, -291.283, 6.232, -61.210
60732.490, -291.289, 6.287, -60.982
60732.500, -291.297, 6.282, -60.751
60732.520, -291.304, 6.278, -60.523
60732.530, -291.312, 6.219, -60.300
60732.550, -291.320, 6.268, -60.067
60732.560, -291.326, 6.267, -59.848
60732.570, -291.333, 6.209, -59.612
60732.590, -291.341, 6.262, -59.372
60732.600, -291.348, 6.257, -59.146
60732.610, -291.356, 6.200, -58.899
60732.630, -291.364, 6.248, -58.657
60732.640, -291.370, 6.241, -58.429
60732.660, -291.378, 6.238, -58.177
60732.670, -291.386, 6.186, -57.943
60732.680, -291.393, 6.234, -57.703
60732.700, -291.400, 6.228, -57.471
60732.710, -291.409, 6.176, -57.219
60732.730, -291.416, 6.218, -56.974
60732.740, -291.424, 6.214, -56.740
60732.750, -291.432, 6.166, -56.482
60732.770, -291.440, 6.208, -56.231
60732.780, -291.448, 6.203, -55.997
60732.790, -291.456, 6.156, -55.727
60732.810, -291.464, 6.192, -55.490
60732.820, -291.471, 6.190, -55.255
60732.840, -291.479, 6.187, -54.993
60732.850, -291.487, 6.143, -54.742
60732.870, -291.495, 6.176, -54.483
60732.880, -291.503, 6.172, -54.246
60732.890, -291.511, 6.132, -53.973
60732.910, -291.520, 6.164, -53.726
60732.920, -291.527, 6.159, -53.474
60732.930, -291.535, 6.122, -53.213
60732.950, -291.543, 6.151, -52.950
60732.960, -291.551, 6.148, -52.700
60732.980, -291.560, 6.112, -52.431
60732.990, -291.567, 6.138, -52.176
60733.000, -291.576, 6.135, -51.920
60733.020, -291.585, 6.131, -51.647
60733.030, -291.593, 6.098, -51.384
60733.050, -291.602, 6.123, -51.124
60733.060, -291.610, 6.119, -50.865
60733.070, -291.618, 6.088, -50.598
60733.090, -291.626, 6.110, -50.328
60733.100, -291.634, 6.108, -50.076
60733.110, -291.643, 6.077, -49.799
60733.130, -291.652, 6.100, -49.531
60733.140, -291.674, 6.097, -49.270
60733.160, -291.681, 6.092, -48.996
60733.170, -291.677, 6.063, -48.726
60733.180, -291.700, 6.086, -48.457
60733.200, -291.710, 6.082, -48.136
60733.210, -291.703, 6.053, -47.919
60733.230, -291.726, 6.076, -47.647
60733.240, -291.734, 6.073, -47.384
60733.250, -291.728, 6.043, -47.111
60733.270, -291.751, 6.066, -46.834
60733.280, -291.760, 6.062, -46.570
60733.300, -291.754, 6.032, -46.282
60733.310, -291.777, 6.055, -46.013
60733.320, -291.786, 6.052, -45.748
60733.340, -291.795, 6.048, -45.462
60733.350, -291.789, 6.019, -45.185
60733.360, -291.812, 6.041, -44.897
60733.380, -291.820, 6.038, -44.641
60733.390, -291.815, 6.008, -44.355
60733.410, -291.838, 6.031, -44.078
60733.420, -291.847, 6.028, -43.808
60733.430, -291.842, 5.998, -43.515
60733.450, -291.865, 6.021, -43.236
60733.460, -291.873, 6.017, -42.965
60733.480, -291.868, 5.988, -42.680
60733.490, -291.891, 6.010, -42.398
60733.500, -291.900, 6.007, -42.132
60733.520, -291.909, 6.003, -41.831
60733.530, -291.904, 5.974, -41.556
60733.550, -291.927, 5.997, -41.272
60733.560, -291.935, 5.993, -41.002
60733.570, -291.930, 5.964, -40.715
60733.590, -291.954, 5.987, -40.425
60733.600, -291.962, 5.983, -40.147
60733.610, -291.957, 5.954, -39.865
60733.630, -291.980, 5.976, -39.576
60733.640, -291.989, 5.973, -39.296
60733.660, -291.999, 5.970, -39.001
60733.670, -291.993, 5.940, -38.724
60733.680, -292.016, 5.963, -38.439
60733.700, -292.025, 5.960, -38.163
60733.710, -292.020, 5.930, -37.876
60733.730, -292.043, 5.953, -37.585
60733.740, -292.052, 5.950, -37.314
60733.750, -292.047, 5.921, -37.024
60733.770, -292.070, 5.943, -36.729
60733.780, -292.079, 5.940, -36.453
60733.800, -292.074, 5.911, -36.164
60733.810, -292.098, 5.933, -35.864
60733.820, -292.106, 5.930, -35.595
60733.840, -292.115, 5.927, -35.300
60733.850, -292.110, 5.898, -35.016
60733.860, -292.133, 5.921, -34.726
60733.880, -292.142, 5.918, -34.459
60733.890, -292.137, 5.888, -34.153
60733.910, -292.160, 5.911, -33.872
60733.920, -292.169, 5.908, -33.590
60733.930, -292.164, 5.879, -33.298
60733.950, -292.188, 5.902, -32.998
60733.960, -292.197, 5.899, -32.728
60733.980, -292.191, 5.869, -32.440
60733.990, -292.215, 5.892, -32.144
60734.000, -292.224, 5.889, -31.866
60734.020, -292.233, 5.886, -31.573
60734.030, -292.228, 5.857, -31.289
60734.050, -292.253, 5.879, -30.936
60734.060, -292.260, 5.877, -30.719
60734.070, -292.256, 5.847, -30.389
60734.090, -292.280, 5.870, -30.100
60734.100, -292.288, 5.868, -29.827
60734.120, -292.283, 5.839, -29.546
60734.130, -292.306, 5.862, -29.254
60734.140, -292.315, 5.859, -28.988
60734.160, -292.324, 5.856, -28.697
60734.170, -292.319, 5.827, -28.415
60734.180, -292.342, 5.850, -28.126
60734.200, -292.350, 5.847, -27.855
60734.210, -292.345, 5.818, -27.564
60734.230, -292.369, 5.842, -27.276
60734.240, -292.378, 5.839, -26.996
60734.250, -292.372, 5.810, -26.709
60734.270, -292.396, 5.833, -26.419
60734.280, -292.404, 5.830, -26.150
60734.300, -292.399, 5.802, -25.856
60734.310, -292.422, 5.825, -25.575
60734.320, -292.431, 5.822, -25.302
60734.340, -292.440, 5.819, -25.003
60734.350, -292.435, 5.791, -24.723
60734.370, -292.458, 5.814, -24.434
60734.380, -292.467, 5.811, -24.165
60734.390, -292.462, 5.783, -23.866
60734.410, -292.485, 5.806, -23.587
60734.420, -292.493, 5.804, -23.322
60734.430, -292.489, 5.775, -23.031
60734.450, -292.512, 5.798, -22.746
60734.460, -292.520, 5.796, -22.478
60734.480, -292.515, 5.767, -22.186
60734.490, -292.538, 5.791, -21.902
60734.500, -292.547, 5.788, -21.631
60734.520, -292.556, 5.786, -21.347
60734.530, -292.550, 5.757, -21.070
60734.550, -292.574, 5.781, -20.782
60734.560, -292.582, 5.778, -20.517
60734.570, -292.578, 5.750, -20.205
60734.590, -292.600, 5.774, -19.955
60734.600, -292.608, 5.771, -19.682
60734.610, -292.603, 5.743, -19.403
60734.630, -292.626, 5.767, -19.123
60734.640, -292.634, 5.764, -18.858
60734.660, -292.629, 5.736, -18.573
60734.670, -292.652, 5.760, -18.300
60734.680, -292.660, 5.758, -18.037
60734.700, -292.669, 5.756, -17.751
60734.710, -292.664, 5.727, -17.470
60734.730, -292.687, 5.751, -17.202
60734.740, -292.695, 5.749, -16.938
60734.750, -292.690, 5.721, -16.668
60734.770, -292.712, 5.745, -16.388
60734.780, -292.720, 5.743, -16.133
60734.800, -292.715, 5.715, -15.852
60734.810, -292.738, 5.739, -15.581
60734.820, -292.746, 5.737, -15.320
60734.840, -292.755, 5.735, -15.044
60734.850, -292.749, 5.707, -14.783
60734.870, -292.772, 5.731, -14.514
60734.880, -292.780, 5.729, -14.250
60734.890, -292.776, 5.701, -13.921
60734.910, -292.797, 5.726, -13.713
60734.920, -292.806, 5.724, -13.424
60734.940, -292.801, 5.696, -13.147
60734.950, -292.823, 5.720, -12.894
60734.960, -292.830, 5.719, -12.651
60734.980, -292.839, 5.717, -12.379
60734.990, -292.833, 5.690, -12.131
60735.000, -292.855, 5.714, -11.874
60735.020, -292.863, 5.712, -11.624
60735.030, -292.857, 5.685, -11.363
60735.050, -292.880, 5.709, -11.092
60735.060, -292.887, 5.708, -10.847
60735.070, -292.881, 5.680, -10.600
60735.090, -292.903, 5.705, -10.340
60735.100, -292.911, 5.704, -10.094
60735.110, -292.905, 5.676, -9.835
60735.130, -292.927, 5.701, -9.582
60735.140, -292.935, 5.700, -9.342
60735.160, -292.929, 5.672, -9.091
60735.170, -292.951, 5.697, -8.835
60735.180, -292.959, 5.696, -8.593
60735.200, -292.967, 5.695, -8.334
60735.210, -292.960, 5.668, -8.089
60735.230, -292.971, 5.694, -7.844
60735.240, -292.979, 5.693, -7.611
60735.250, -292.984, 5.664, -7.356
60735.270, -292.997, 5.691, -7.108
60735.280, -293.000, 5.693, -6.877
60735.300, -293.006, 5.661, -6.630
60735.310, -293.014, 5.693, -6.380
60735.320, -293.022, 5.692, -6.153
60735.340, -293.029, 5.691, -5.910
60735.350, -293.037, 5.658, -5.670
60735.370, -293.045, 5.691, -5.434
60735.380, -293.052, 5.691, -5.207
60735.390, -293.059, 5.656, -4.965
60735.410, -293.067, 5.691, -4.731
60735.420, -293.074, 5.691, -4.500
60735.430, -293.081, 5.654, -4.267
60735.450, -293.087, 5.689, -4.034
60735.460, -293.096, 5.689, -3.816
60735.480, -293.103, 5.652, -3.579
60735.490, -293.111, 5.690, -3.346
60735.500, -293.118, 5.690, -3.128
60735.520, -293.125, 5.689, -2.895
60735.530, -293.132, 5.650, -2.671
60735.550, -293.138, 5.690, -2.457
60735.560, -293.145, 5.690, -2.244
60735.570, -293.152, 5.649, -2.009
60735.590, -293.160, 5.688, -1.795
60735.600, -293.167, 5.688, -1.586
60735.620, -293.173, 5.649, -1.361
60735.630, -293.181, 5.688, -1.136
60735.640, -293.187, 5.688, -0.941
60735.660, -293.194, 5.687, -0.718
60735.670, -293.200, 5.649, -0.507
60735.680, -293.207, 5.688, -0.289
60735.700, -293.213, 5.688, -0.085
60735.710, -293.220, 5.649, 0.137
60735.730, -293.229, 5.689, 0.410
60735.740, -293.234, 5.689, 0.566
60735.750, -293.242, 5.649, 0.821
60735.770, -293.249, 5.689, 1.044
60735.790, -293.256, 5.690, 1.254
60735.800, -293.263, 5.690, 1.472
60735.810, -293.269, 5.649, 1.696
60735.820, -293.277, 5.690, 1.911
60735.840, -293.284, 5.689, 2.129
60735.850, -293.290, 5.649, 2.355
60735.860, -293.298, 5.688, 2.588
60735.880, -293.305, 5.687, 2.806
60735.890, -293.312, 5.649, 3.042
60735.910, -293.319, 5.689, 3.275
60735.920, -293.327, 5.689, 3.490
60735.930, -293.334, 5.649, 3.730
60735.950, -293.341, 5.689, 3.958
60735.960, -293.348, 5.690, 4.182
60735.980, -293.356, 5.649, 4.429
60735.990, -293.364, 5.688, 4.662
60736.000, -293.371, 5.687, 4.906
60736.020, -293.379, 5.689, 5.141
60736.030, -293.386, 5.649, 5.388
60736.050, -293.393, 5.689, 5.612
60736.060, -293.401, 5.690, 5.850
60736.070, -293.408, 5.649, 6.097
60736.090, -293.417, 5.688, 6.339
60736.100, -293.424, 5.688, 6.577
60736.110, -293.431, 5.649, 6.824
60736.130, -293.439, 5.689, 7.073
60736.140, -293.447, 5.690, 7.303
60736.160, -293.455, 5.690, 7.554
60736.170, -293.462, 5.649, 7.807
60736.180, -293.471, 5.689, 8.058
60736.200, -293.478, 5.689, 8.295
60736.210, -293.486, 5.649, 8.546
60736.230, -293.494, 5.690, 8.799
60736.240, -293.502, 5.688, 9.045
60736.250, -293.510, 5.650, 9.299
60736.270, -293.512, 5.721, 9.567
60736.280, -293.528, 5.722, 9.799
60736.300, -293.533, 5.650, 10.059
60736.310, -293.540, 5.721, 10.320
60736.320, -293.548, 5.723, 10.569
60736.340, -293.556, 5.724, 10.829
60736.350, -293.566, 5.650, 11.081
60736.360, -293.573, 5.722, 11.345
60736.380, -293.580, 5.732, 11.587
60736.390, -293.590, 5.650, 11.853
60736.410, -293.598, 5.731, 12.111
60736.420, -293.606, 5.730, 12.362
60736.430, -293.615, 5.650, 12.629
60736.450, -293.621, 5.732, 12.890
60736.460, -293.630, 5.730, 13.136
60736.480, -293.639, 5.650, 13.413
60736.490, -293.647, 5.731, 13.674
60736.500, -293.655, 5.729, 13.921
60736.520, -293.662, 5.727, 14.192
60736.530, -293.672, 5.650, 14.458
60736.550, -293.681, 5.727, 14.725
60736.560, -293.688, 5.724, 14.974
60736.570, -293.699, 5.651, 15.315
60736.590, -293.705, 5.724, 15.516
60736.600, -293.715, 5.722, 15.815
60736.620, -293.724, 5.721, 16.090
60736.630, -293.733, 5.651, 16.365
60736.640, -293.740, 5.719, 16.614
60736.660, -293.749, 5.717, 16.866
60736.670, -293.757, 5.651, 17.133
60736.690, -293.766, 5.715, 17.406
60736.700, -293.774, 5.714, 17.663
60736.710, -293.782, 5.651, 17.938
60736.730, -293.791, 5.712, 18.202
60736.740, -293.799, 5.711, 18.461
60736.750, -293.808, 5.651, 18.744
60736.770, -293.816, 5.710, 19.018
60736.780, -293.825, 5.708, 19.271
60736.800, -293.834, 5.652, 19.561
60736.810, -293.842, 5.708, 19.830
60736.820, -293.850, 5.707, 20.094
60736.840, -293.859, 5.706, 20.375
60736.850, -293.868, 5.652, 20.648
60736.870, -293.876, 5.706, 20.920
60736.880, -293.885, 5.704, 21.183
60736.890, -293.894, 5.652, 21.469
60736.910, -293.902, 5.704, 21.745
60736.920, -293.911, 5.701, 22.004
60736.930, -293.920, 5.652, 22.291
60736.950, -293.928, 5.702, 22.568
60736.960, -293.937, 5.699, 22.833
60736.980, -293.946, 5.653, 23.115
60736.990, -293.955, 5.700, 23.398
60737.000, -293.964, 5.701, 23.664
60737.020, -293.973, 5.699, 23.944
60737.030, -293.981, 5.653, 24.233
60737.050, -293.994, 5.704, 24.509
60737.060, -294.001, 5.703, 24.778
60737.070, -294.007, 5.653, 25.058
60737.090, -294.020, 5.704, 25.341
60737.100, -294.029, 5.704, 25.612
60737.120, -294.033, 5.653, 25.887
60737.130, -294.047, 5.704, 26.186
60737.140, -294.055, 5.704, 26.443
60737.160, -294.064, 5.704, 26.736
60737.170, -294.069, 5.654, 27.007
60737.180, -294.082, 5.704, 27.287
60737.200, -294.090, 5.704, 27.558
60737.210, -294.095, 5.654, 27.836
60737.230, -294.108, 5.704, 28.130
60737.240, -294.117, 5.704, 28.396
60737.250, -294.121, 5.654, 28.673
60737.270, -294.134, 5.705, 28.960
60737.290, -294.143, 5.705, 29.231
60737.300, -294.148, 5.654, 29.510
60737.310, -294.161, 5.705, 29.807
60737.320, -294.170, 5.705, 30.077
60737.340, -294.178, 5.705, 30.351
60737.350, -294.183, 5.655, 30.632
60737.370, -294.196, 5.705, 30.916
60737.380, -294.205, 5.705, 31.183
60737.390, -294.209, 5.655, 31.464
60737.410, -294.223, 5.705, 31.750
60737.420, -294.233, 5.705, 32.087
60737.430, -294.236, 5.655, 32.309
60737.450, -294.249, 5.706, 32.584
60737.460, -294.257, 5.706, 32.845
60737.480, -294.262, 5.655, 33.127
60737.490, -294.275, 5.706, 33.411
60737.500, -294.284, 5.706, 33.683
60737.520, -294.293, 5.706, 33.974
60737.530, -294.297, 5.656, 34.243
60737.550, -294.311, 5.706, 34.535
60737.560, -294.319, 5.706, 34.795
60737.570, -294.324, 5.656, 35.076
60737.590, -294.337, 5.706, 35.359
60737.600, -294.345, 5.706, 35.637
60737.620, -294.350, 5.656, 35.917
60737.630, -294.363, 5.707, 36.198
60737.640, -294.371, 5.707, 36.463
60737.660, -294.380, 5.707, 36.748
60737.670, -294.385, 5.657, 37.018
60737.680, -294.398, 5.707, 37.297
60737.700, -294.406, 5.707, 37.573
60737.710, -294.411, 5.657, 37.857
60737.730, -294.424, 5.707, 38.127
60737.740, -294.433, 5.707, 38.401
60737.750, -294.437, 5.657, 38.672
60737.770, -294.450, 5.707, 38.960
60737.780, -294.459, 5.707, 39.223
60737.800, -294.463, 5.657, 39.498
60737.810, -294.476, 5.708, 39.776
60737.820, -294.484, 5.708, 40.042
60737.840, -294.493, 5.708, 40.322
60737.850, -294.498, 5.658, 40.592
60737.870, -294.510, 5.708, 40.864
60737.880, -294.519, 5.708, 41.127
60737.890, -294.523, 5.658, 41.403
60737.910, -294.536, 5.708, 41.680
60737.920, -294.544, 5.708, 41.937
60737.930, -294.549, 5.658, 42.210
60737.950, -294.562, 5.708, 42.487
60737.960, -294.570, 5.708, 42.749
60737.980, -294.579, 5.709, 43.031
60737.990, -294.583, 5.659, 43.289
60738.000, -294.596, 5.709, 43.565
60738.020, -294.604, 5.709, 43.826
60738.030, -294.608, 5.659, 44.091
60738.050, -294.621, 5.709, 44.375
60738.060, -294.621, 5.678, 44.568
60738.070, -294.633, 5.659, 44.890
60738.090, -294.647, 5.722, 45.234
60738.100, -294.656, 5.711, 45.431
60738.120, -294.659, 5.660, 45.687
60738.130, -294.667, 5.660, 45.942
60738.140, -294.677, 5.694, 46.216
60738.160, -294.686, 5.693, 46.502
60738.170, -294.692, 5.660, 46.746
60738.190, -294.701, 5.711, 46.972
60738.200, -294.685, 5.797, 47.221
60738.210, -294.717, 5.660, 47.520
60738.230, -294.745, 5.783, 47.793
60738.240, -294.753, 5.783, 48.046
60738.250, -294.739, 5.691, 48.343
60738.270, -294.751, 5.661, 48.608
60738.290, -294.729, 5.600, 48.875
60738.300, -294.711, 5.689, 49.205
60738.310, -294.774, 5.661, 49.356
60738.320, -294.727, 5.689, 49.727
60738.340, -294.734, 5.690, 49.955
60738.350, -294.798, 5.661, 50.102
60738.370, -294.751, 5.690, 50.465
60738.380, -294.758, 5.690, 50.703
60738.390, -294.822, 5.662, 50.849
60738.410, -294.774, 5.691, 51.214
60738.420, -294.782, 5.691, 51.449
60738.430, -294.845, 5.662, 51.600
60738.450, -294.798, 5.691, 51.955
60738.460, -294.805, 5.692, 52.188
60738.480, -294.869, 5.662, 52.339
60738.490, -294.821, 5.692, 52.691
60738.500, -294.829, 5.692, 52.930
60738.520, -294.837, 5.692, 53.190
60738.530, -294.900, 5.662, 53.319
60738.550, -294.853, 5.693, 53.677
60738.560, -294.860, 5.693, 53.902
60738.570, -294.922, 5.663, 54.038
60738.590, -294.876, 5.693, 54.399
60738.600, -294.883, 5.694, 54.633
60738.620, -294.945, 5.663, 54.763
60738.630, -294.898, 5.694, 55.118
60738.640, -294.906, 5.694, 55.350
60738.660, -294.913, 5.695, 55.591
60738.670, -294.975, 5.663, 55.717
60738.690, -294.928, 5.695, 56.062
60738.700, -294.936, 5.695, 56.294
60738.710, -294.998, 5.664, 56.420
60738.730, -294.951, 5.696, 56.765
60738.740, -294.957, 5.696, 56.979
60738.750, -295.019, 5.664, 57.105
60738.770, -294.973, 5.696, 57.455
60738.790, -294.979, 5.696, 57.669
60738.800, -295.041, 5.664, 57.792
60738.810, -294.994, 5.697, 58.135
60738.820, -295.001, 5.697, 58.348
60738.840, -295.009, 5.697, 58.586
60738.850, -295.069, 5.665, 58.692
60738.870, -295.023, 5.698, 59.031
60738.880, -295.030, 5.698, 59.248
60738.890, -295.090, 5.665, 59.359
60738.910, -295.044, 5.698, 59.689
60738.920, -295.050, 5.699, 59.891
60738.930, -295.111, 5.665, 60.002
60738.950, -295.064, 5.699, 60.338
60738.960, -295.071, 5.699, 60.544
60738.980, -295.078, 5.699, 60.771
60738.990, -295.138, 5.665, 60.865
60739.000, -295.091, 5.700, 61.194
60739.020, -295.098, 5.700, 61.392
60739.030, -295.158, 5.666, 61.489
60739.050, -295.111, 5.700, 61.821
60739.060, -295.118, 5.701, 62.016
60739.070, -295.177, 5.666, 62.112
60739.090, -295.131, 5.701, 62.435
60739.100, -295.138, 5.701, 62.674
60739.120, -295.197, 5.666, 62.725
60739.130, -295.150, 5.702, 63.038
60739.140, -295.156, 5.702, 63.232
60739.160, -295.163, 5.702, 63.436
60739.170, -295.222, 5.666, 63.514
60739.190, -295.176, 5.702, 63.842
60739.200, -295.181, 5.703, 64.019
60739.210, -295.240, 5.667, 64.098
60739.230, -295.194, 5.703, 64.410
60739.240, -295.200, 5.703, 64.594
60739.250, -295.258, 5.667, 64.672
60739.270, -295.212, 5.704, 64.985
60739.280, -295.218, 5.704, 65.163
60739.300, -295.276, 5.667, 65.238
60739.310, -295.230, 5.704, 65.543
60739.320, -295.235, 5.704, 65.717
60739.340, -295.241, 5.705, 65.903
60739.350, -295.299, 5.667, 65.966
60739.370, -295.253, 5.705, 66.265
60739.380, -295.258, 5.705, 66.438
60739.390, -295.316, 5.668, 66.496
60739.410, -295.270, 5.706, 66.797
60739.420, -295.275, 5.706, 66.964
60739.430, -295.332, 5.668, 67.019
60739.450, -295.286, 5.706, 67.315
60739.460, -295.291, 5.706, 67.478
60739.480, -295.297, 5.707, 67.652
60739.490, -295.354, 5.668, 67.697
60739.500, -295.307, 5.707, 67.984
60739.520, -295.312, 5.707, 68.143
60739.530, -295.369, 5.668, 68.185
60739.550, -295.323, 5.707, 68.470
60739.560, -295.328, 5.708, 68.623
60739.570, -295.384, 5.669, 68.667
60739.590, -295.338, 5.708, 68.943
60739.600, -295.343, 5.708, 69.098
60739.620, -295.399, 5.669, 69.129
60739.630, -295.353, 5.708, 69.403
60739.640, -295.357, 5.709, 69.544
60739.660, -295.362, 5.709, 69.703
60739.670, -295.418, 5.669, 69.729
60739.690, -295.371, 5.709, 69.995
60739.700, -295.376, 5.709, 70.133
60739.710, -295.431, 5.669, 70.155
60739.730, -295.385, 5.710, 70.420
60739.740, -295.389, 5.710, 70.554
60739.750, -295.444, 5.669, 70.570
60739.770, -295.398, 5.710, 70.833
60739.790, -295.402, 5.710, 70.962
60739.800, -295.457, 5.670, 70.973
60739.810, -295.411, 5.711, 71.231
60739.820, -295.415, 5.711, 71.358
60739.840, -295.419, 5.711, 71.489
60739.850, -295.473, 5.670, 71.487
60739.870, -295.427, 5.712, 71.735
60739.880, -295.431, 5.712, 71.856
60739.890, -295.485, 5.670, 71.853
60739.910, -295.439, 5.712, 72.101
60739.920, -295.442, 5.712, 72.213
60739.930, -295.446, 5.712, 72.333
60739.950, -295.501, 5.670, 72.346
60739.960, -295.453, 5.713, 72.558
60739.980, -295.457, 5.713, 72.678
60739.990, -295.511, 5.670, 72.666
60740.000, -295.464, 5.713, 72.895
60740.020, -295.467, 5.713, 72.991
60740.040, -295.520, 5.670, 72.967
60740.050, -295.474, 5.714, 73.199
60740.060, -295.477, 5.714, 73.297
60740.070, -295.529, 5.671, 73.264
60740.090, -295.483, 5.714, 73.484
60740.100, -295.486, 5.714, 73.576
60740.110, -295.538, 5.671, 73.541
60740.130, -295.492, 5.715, 73.763
60740.140, -295.495, 5.715, 73.848
60740.160, -295.497, 5.715, 73.938
60740.170, -295.549, 5.671, 73.893
60740.180, -295.503, 5.715, 74.103
60740.200, -295.505, 5.715, 74.179
60740.210, -295.557, 5.671, 74.133
60740.230, -295.510, 5.716, 74.339
60740.240, -295.513, 5.716, 74.410
60740.250, -295.564, 5.671, 74.356
60740.270, -295.517, 5.716, 74.556
60740.280, -295.519, 5.716, 74.624
60740.300, -295.571, 5.671, 74.564
60740.310, -295.524, 5.717, 74.760
60740.320, -295.526, 5.717, 74.822
60740.340, -295.528, 5.717, 74.883
60740.350, -295.578, 5.671, 74.813
60740.370, -295.532, 5.717, 74.999
60740.380, -295.533, 5.717, 75.052
60740.390, -295.584, 5.671, 74.976
60740.410, -295.537, 5.718, 75.157
60740.420, -295.538, 5.718, 75.205
60740.430, -295.588, 5.671, 75.122
60740.450, -295.541, 5.718, 75.299
60740.460, -295.542, 5.718, 75.338
60740.480, -295.592, 5.671, 75.248
60740.490, -295.545, 5.718, 75.418
60740.500, -295.546, 5.718, 75.454
60740.520, -295.547, 5.719, 75.489
60740.530, -295.597, 5.672, 75.390
60740.550, -295.550, 5.719, 75.552
60740.560, -295.550, 5.719, 75.578
60740.570, -295.599, 5.672, 75.472
60740.590, -295.552, 5.719, 75.628
60740.600, -295.553, 5.719, 75.649
60740.610, -295.601, 5.672, 75.535
60740.630, -295.554, 5.720, 75.685
60740.640, -295.554, 5.720, 75.700
60740.660, -295.555, 5.720, 75.713
60740.670, -295.603, 5.672, 75.589
60740.680, -295.556, 5.720, 75.731
60740.700, -295.556, 5.720, 75.736
60740.710, -295.603, 5.672, 75.606
